59.1365
27.6252
35.5518
24.089
26.0239
23.5398
26.2545
23.398
25.6186
23.0401
36.5414
14.776
4.64086
10.7317
30.5366
26.2854
39.143
23.4859
23.2854
24.379
23.1156
23.0289
25.3452
36.7772
23.3188
28.9727
24.0679
25.5758
24.675
21.6928
22.963
23.329
22.6407
24.3255
20.82
25.3031
22.3369
24.6112
22.3764
24.6977
22.5615
23.6011
22.2579
29.0793
24.3358
52.5669
4.36161
7.20087
23.7224
22.356
25.4932
23.3046
35.8031
13.5521
14.7928
14.0108
7.42636
24.8732
32.1936
41.2896
21.0579
5.16369
9.35435
33.0742
24.7164
32.7456
25.1946
32.615
23.8818
25.1864
33.5389
24.0651
32.9788
22.7939
21.61
24.0282
31.92
14.7017
17.046
16.0452
3.94597
9.74807
22.6391
22.25
29.6302
25.1752
37.318
22.9948
25.5099
23.8205
25.4693
22.5548
25.6221
23.1533
23.5597
23.4926
32.9778
23.0533
25.8865
21.9167
25.3816
21.687
23.0639
21.0359
34.2761
24.5829
24.5628
23.9276
22.5869
23.8947
37.7682
24.0274
24.8456
22.6317
31.2269
25.0186
23.9595
28.5547
25.6322
24.4571
23.4108
37.8863
22.8611
38.5361
23.1442
22.8224
26.146
24.4865
23.0711
28.9987
24.816
21.8724
23.5287
32.6214
23.9112
25.2584
22.8639
34.7303
23.585
25.4875
24.801
23.9102
22.8431
23.1735
23.3826
31.5236
24.3422
35.8126
22.9147
24.8499
23.0114
23.6829
23.865
21.5005
38.1811
22.8012
23.5808
24.1734
25.9584
23.1604
25.2966
26.686
22.7861
31.6562
25.3188
29.5143
23.9979
31.2437
26.7118
23.057
23.4896
34.1132
19.9532
15.1049
17.5272
22.6714
23.162
22.1733
34.1689
23.5889
30.505
25.9481
22.3879
22.5423
24.9212
23.5801
38.994
23.617
22.5993
22.0694
31.2445
25.5651
24.8183
23.6954
23.7211
22.6944
22.7245
23.8937
41.8479
19.7946
21.9799
22.0134
37.125
22.7989
30.4945
24.2248
25.8294
23.9735
25.0415
22.9326
25.0782
23.5401
23.1386
23.6625
21.0669
34.373
22.9327
22.6743
24.5799
26.0088
21.7113
35.7236
22.077
25.1547
22.8893
24.9739
22.7293
22.7613
35.8848
24.6447
28.0447
21.8869
48.6142
20.9695
4.92887
8.14914
24.0479
22.2894
29.6391
25.2657
23.0136
21.1143
35.8278
22.8659
22.4786
24.0275
24.4414
22.5446
35.4829
24.3758
23.8833
23.2509
29.7529
25.9086
24.5612
24.114
23.9223
23.2121
25.7025
22.4114
23.5805
28.4101
25.0543
36.5673
14.0436
17.0178
31.306
24.6763
37.4365
24.0308
23.7915
22.8371
24.7616
23.379
36.8995
24.272
23.4029
23.2382
25.5029
23.1674
26.7712
23.2817
25.0442
23.9598
22.911
24.3969
20.4942
25.5289
21.9587
23.0177
25.7466
37.6662
24.8246
23.808
22.2152
28.8444
24.8148
25.1215
24.3755
22.4455
22.8055
22.6051
23.7474
24.1101
22.3438
37.6351
21.5893
25.1766
21.1553
27.6416
20.5378
32.6894
22.8414
23.831
23.3788
22.7209
22.6351
38.3462
21.8889
27.6071
20.9382
38.5955
21.9416
26.6674
20.1812
25.9104
25.0359
38.4018
21.5487
24.2198
22.8505
25.0904
23.5737
32.2515
25.4935
35.4853
13.8565
18.4786
47.0275
14.7481
4.25576
37.0184
25.012
25.4451
36.5249
13.7143
4.83552
4.83552
5.26827
22.2368
35.1452
23.4817
23.2889
24.0273
22.2686
23.2005
23.127
31.2458
25.465
25.6987
21.2368
35.7294
20.8518
26.18
20.9076
33.0501
15.6445
36.5315
21.3555
35.8252
22.262
23.639
23.0595
36.7592
22.0487
23.2922
21.7982
24.6334
23.4131
37.2931
4.03842
4.03842
8.85162
25.4251
27.6317
22.5932
32.2686
24.1455
23.9698
23.2749
25.3625
23.4782
30.861
20.5378
36.926
21.0245
40.1489
20.2813
25.3565
22.4291
36.547
20.6551
36.7574
18.8772
5.81719
5.50573
23.8158
22.5343
36.5321
23.9743
24.1134
22.9748
24.9062
22.9994
23.7293
23.7108
23.8912
22.8671
24.5019
23.1578
32.9262
25.2933
39.4108
23.0826
25.9671
22.3561
26.1082
22.8541
24.1604
24.3516
24.8946
23.7103
23.8456
23.3316
33.9808
23.6292
22.8353
23.1226
31.3717
25.3938
24.0317
24.9954
35.1793
22.5938
26.4276
21.1792
19.8776
22.3527
35.0367
23.3021
25.5947
22.9822
24.9856
22.7915
24.7236
22.424
25.0493
22.7499
30.6136
25.4546
30.2812
25.0525
25.588
23.5621
31.8057
25.4295
30.4017
25.3027
25.5896
22.9888
24.327
23.1512
37.0212
23.4522
24.4325
23.482
36.5407
22.071
33.7845
25.1278
26.8286
23.238
31.3279
24.5745
23.26
23.3922
37.0358
23.5545
25.2264
24.7769
22.9066
21.9503
25.0623
23.2077
34.0903
24.2798
35.2847
24.3641
24.5856
22.9368
25.2376
23.0754
53.1042
4.48646
7.67272
25.3297
22.8906
31.7466
26.0653
24.7012
22.9212
25.9576
22.7484
26.9387
25.6482
29.8641
26.0462
27.0454
24.6817
22.7096
24.1428
25.207
23.1218
24.2403
22.1769
35.6973
22.3627
24.737
22.7659
34.8329
26.214
24.5586
22.5772
23.3415
23.5441
24.7511
22.1434
24.806
22.6458
35.8623
23.9919
25.3456
22.5404
34.6898
22.2749
24.9721
31.8926
24.2782
32.8836
21.0316
26.2458
21.333
23.4361
24.4365
35.2475
24.5711
36.266
13.8147
18.574
4.14134
7.58168
25.5818
23.632
31.9945
24.6825
26.2296
22.6684
24.0305
23.3998
36.1306
23.1182
23.058
22.8346
22.7575
22.5457
25.5693
22.915
37.7979
21.4523
24.7179
20.5542
23.1719
20.613
24.5084
21.9862
22.944
22.0549
31.3339
23.0106
37.4609
20.1271
4.21801
13.7818
34.344
15.0509
4.19918
4.19918
8.48006
38.1519
22.4996
38.3134
22.2074
25.0489
24.3724
24.1406
21.0864
51.8812
4.71773
7.33021
34.484
22.6321
23.4121
22.5189
22.7336
23.3134
22.7812
22.2368
23.3235
23.3426
35.3693
23.1942
22.8702
22.4904
24.2358
20.0808
38.0726
23.6224
23.9811
23.3314
23.7256
22.9218
37.077
23.6149
31.4593
25.1777
23.0871
22.787
37.7465
22.9331
24.7486
24.3864
29.9999
24.6959
26.2396
24.1008
24.4633
24.9526
23.9455
21.5268
33.4479
8.43283
21.4164
36.6882
15.3889
4.85181
7.38534
27.1522
23.1868
22.7869
30.4768
25.2644
30.7446
25.12
22.1887
22.6841
24.026
22.2353
37.8338
21.7735
34.484
22.9377
22.6749
23.0417
36.7699
24.0744
23.4096
21.9091
25.0745
23.7519
27.5508
22.791
24.1236
23.1926
29.9224
25.8534
27.9347
22.0384
24.6275
24.67
23.4218
25.2752
22.3075
23.9582
25.0224
23.6049
30.8855
25.3953
28.5654
23.8282
37.8915
22.769
23.9324
23.4281
38.0854
23.7861
25.1576
22.4615
29.6176
24.8398
24.1074
23.5181
24.9721
21.8493
23.3759
23.6985
23.6286
20.6827
23.6429
21.654
24.3037
19.9364
38.5151
19.8143
38.6245
21.6343
25.6442
20.6465
25.7917
21.1919
25.6247
22.769
25.3265
23.058
22.6441
22.9497
22.4625
23.3168
21.3757
34.9003
23.1818
25.0759
21.6278
30.8307
22.8006
23.0087
24.2702
22.738
24.4369
23.1525
24.8166
23.6693
22.5176
24.831
23.5633
35.4345
21.0317
26.7257
21.0772
36.4064
20.7177
26.1356
20.8864
23.4836
23.8585
19.1682
25.8831
20.1413
26.7902
23.2019
23.5653
21.7119
36.0587
23.3675
22.4516
22.6391
24.7596
23.5094
35.7735
23.2375
36.239
23.4995
23.7964
23.0617
34.3775
23.4647
23.3435
22.5072
24.6666
23.0229
30.5246
24.3903
25.8491
22.4099
33.7032
21.8692
34.4016
22.527
22.8067
23.7345
23.8798
22.4191
24.9369
23.0163
30.6273
24.528
24.3961
27.4954
21.7589
28.0668
24.9891
25.8027
24.5242
24.3336
23.447
25.9055
23.0981
24.6568
22.6542
23.6676
23.2858
35.5152
29.459
26.2388
29.2757
26.2385
36.0479
13.2293
18.316
34.56
22.3209
30.7076
23.1562
37.3926
23.1534
25.173
23.853
25.4756
23.156
26.1826
22.8965
31.2895
24.6874
34.0666
13.8166
19.3162
35.3431
22.7416
29.1871
24.7664
22.9646
22.4041
54.5977
5.43566
6.12241
29.054
24.523
24.6001
22.4934
36.4281
23.8454
30.0088
25.2449
25.7505
22.4403
25.592
23.2412
30.4838
24.6919
23.1545
22.3294
28.6128
24.1787
22.8229
22.5924
37.917
24.0726
37.3261
21.7764
33.9557
20.8373
26.2369
23.5426
24.2485
21.2966
40.9014
20.134
22.5449
21.0301
25.4937
21.7913
36.4187
20.7666
25.207
22.5363
32.121
26.4829
23.3447
22.8908
35.5541
28.9547
24.4417
25.3498
23.4705
34.6218
24.9222
30.1251
24.9371
30.5702
24.248
24.1069
22.1359
26.7308
20.9792
23.7903
22.4605
29.6683
24.4997
26.2706
21.9297
24.4231
22.603
24.428
22.3169
30.3337
26.5895
25.7813
24.8386
25.9541
25.0804
23.9113
23.5979
23.9659
23.8878
22.5494
21.7456
23.6072
22.1267
24.5431
23.9628
22.8492
25.344
45.9656
14.2182
16.3462
4.59796
10.0533
23.4141
22.2877
25.6241
23.023
26.0358
22.748
38.5251
21.9212
24.345
24.7108
25.0737
23.7461
23.4762
25.4101
23.2916
24.3137
22.0974
34.2225
22.5152
23.5206
22.7692
29.777
25.4914
29.5309
25.5041
37.34
22.4473
24.6501
22.2218
24.7183
21.6814
23.9998
23.2447
37.2156
25.4958
23.1488
26.1155
25.3741
22.7252
23.618
23.67
23.364
22.4502
24.8825
23.1614
24.381
23.2315
29.3933
24.4877
23.7309
26.2591
23.127
24.6197
21.6879
25.2052
23.5956
32.9954
26.9343
25.0838
22.3279
31.9782
25.0175
36.4614
23.1924
23.7879
23.1831
24.8009
22.307
22.4543
23.0579
35.3082
24.7822
24.8584
22.724
31.4485
25.2793
35.6732
24.2753
25.5326
22.5119
22.8982
22.0615
39.297
22.3457
25.2099
22.1534
22.8322
23.5886
23.6379
23.4607
23.3045
23.3271
29.6196
25.4182
23.1763
22.4942
23.7782
27.9666
24.4964
22.3056
40.8658
20.2185
5.43347
5.2152
19.6687
27.5453
34.2116
21.0919
39.8671
22.9214
25.7183
21.0481
32.6994
23.174
24.893
23.422
23.9464
22.4441
35.8746
22.7498
29.841
25.2519
37.8419
20.1238
4.16383
7.23051
31.0828
26.0811
38.4567
23.8713
23.3685
24.0388
29.9119
25.1651
23.6698
21.7928
24.8523
22.7283
29.8471
23.4069
24.3522
19.9231
28.7795
19.8172
24.7885
21.9242
35.406
22.3133
24.3481
20.1848
23.6034
21.559
36.1764
20.8005
27.3172
20.0428
23.0416
21.6463
24.405
20.6416
23.8304
22.0214
26.1633
20.1451
25.3812
20.9767
22.7661
22.8495
24.0355
23.2782
29.1596
24.001
38.3762
21.9177
23.0771
22.1516
24.0766
20.8691
36.4305
22.9521
23.3466
23.3757
25.1139
23.1292
30.4603
25.3602
35.8262
23.1821
24.9521
23.058
24.4425
21.9588
23.1269
36.9395
22.9534
22.2705
22.9182
25.434
22.0116
26.4624
22.7808
24.6464
21.1569
26.5012
21.0165
23.6116
21.6897
29.9204
24.2551
25.2838
21.9864
24.5147
22.1273
