9.64964
9.64964
8.79354
15.489
17.1685
16.0368
16.5834
16.0148
17.0457
17.0597
16.7711
17.1731
16.0104
17.2426
16.1478
16.6718
16.5788
17.0749
16.9041
16.0032
16.789
16.7536
16.625
16.0566
17.5846
16.1519
18.1312
15.294
17.4827
16.6955
16.817
16.1558
16.7108
16.7593
16.7569
16.6133
16.5988
17.1239
16.7817
16.9302
15.8236
17.7913
16.081
16.2054
16.9654
17.1879
16.1652
16.9224
16.6907
17.3618
14.9516
18.0859
15.6374
18.6106
15.2671
16.9832
16.5281
16.8682
17.2796
17.4032
15.3241
16.5451
16.6515
16.3076
17.34
15.6396
18.0555
16.0918
16.8148
15.1878
18.1788
15.5211
18.339
15.074
17.7431
16.8047
16.6129
17.1381
16.2172
17.2002
16.2749
20.5414
13.9417
15.6363
17.1304
20.1212
13.4056
20.297
13.4078
19.8101
13.3545
20.479
12.6648
16.222
17.0399
16.0985
16.8457
17.4354
16.1075
17.9048
15.884
20.6509
12.4223
17.7363
16.0966
17.1128
15.4983
20.6918
14.1771
19.0963
14.2746
16.1713
17.1846
17.1601
15.4823
17.1857
16.3488
16.4209
17.1479
17.2426
16.249
16.7173
16.8056
21.1798
11.2638
17.5255
16.965
15.15
17.4207
16.3774
17.096
16.4251
17.1908
16.7173
16.7638
16.4522
16.5906
17.1853
19.9416
13.2676
19.9125
12.1419
21.2786
13.8557
19.1576
15.7354
18.6831
11.5787
21.2259
13.0033
20.7073
11.8051
21.4987
12.9328
21.6002
11.5626
20.9322
12.9694
16.0556
16.0753
17.4228
17.153
16.1529
17.5724
15.825
17.543
16.1573
17.1933
15.6025
17.1456
16.3453
16.7758
17.3928
15.896
17.0085
16.3225
17.3586
15.4807
18.1886
15.7353
16.9211
15.845
17.6471
16.6126
17.3578
17.5889
19.2626
16.1806
18.1505
13.8132
16.9109
18.3921
13.5067
15.876
17.2085
16.0363
17.5646
16.0281
16.9225
16.5556
16.6958
17.6193
15.4868
17.6807
15.9392
17.2934
16.0587
17.7906
19.3233
14.0023
15.4453
16.8793
16.3979
17.1431
17.1208
16.3031
18.1533
14.1899
18.79
16.0398
16.8322
15.7729
17.1608
17.0671
16.2173
16.7307
16.7005
16.6496
17.0308
16.1016
16.6665
16.4283
17.0523
21.9491
11.9842
15.6462
17.7144
15.434
18.8514
14.3851
18.132
15.543
18.1116
16.1891
17.2664
20.7547
12.4736
20.2522
13.1849
20.0944
13.4573
17.1034
16.2091
17.223
15.7536
16.593
16.6905
20.6465
14.1827
16.1797
16.7771
15.2386
17.822
15.0388
17.9072
15.5323
17.5267
16.0928
17.436
16.4676
16.9316
16.5285
16.9313
16.5608
16.624
16.888
16.9487
15.3573
18.3534
15.1899
18.4039
15.8063
17.2416
15.4541
17.7565
15.6704
17.3893
17.0337
16.5382
16.5004
16.9533
18.1883
14.9762
18.4499
16.024
16.1323
16.0512
17.8626
15.8495
16.8645
16.9217
19.5898
14.3379
15.5153
17.4137
16.7965
16.9024
16.1235
16.1656
17.2032
34.8801
10.6241
8.90981
13.797
15.7644
16.7424
16.5566
16.7841
16.4075
16.749
16.4799
16.7793
17.0359
16.9794
16.6684
15.8927
16.5619
16.4781
16.6854
18.697
14.8112
15.7749
17.6508
18.0936
15.4626
18.0833
15.5619
17.0581
17.1362
19.1444
15.4164
17.6643
14.7287
16.8728
15.839
20.5939
13.5676
19.8916
12.9599
20.7613
11.9393
21.4198
12.8756
20.6423
12.6336
20.78
11.829
21.8503
12.1293
16.5139
16.1739
16.5031
17.4509
16.0391
17.4872
16.0135
17.3497
15.8001
17.1215
16.256
17.7293
15.9475
17.5811
16.605
16.6867
16.9251
16.3794
17.0655
16.1126
16.2023
17.4551
16.0633
16.7534
16.397
17.7007
16.1817
17.0496
15.9018
16.9454
17.0178
16.2135
16.6761
16.6258
17.4593
16.4847
16.6928
16.7532
17.2387
16.5533
15.8382
17.2918
16.4595
16.9785
16.3566
17.1369
15.3783
18.0307
15.7277
18.0052
15.1076
18.0334
15.7705
17.3533
16.0283
20.9926
12.3828
20.6081
13.1738
20.1773
14.4793
18.8293
12.8344
21.0871
12.4865
21.8007
11.6357
21.503
11.6968
21.1095
12.9007
20.4164
12.7855
20.4103
13.1499
20.8645
13.458
19.1213
14.5795
18.7108
14.214
15.3926
17.1658
16.308
15.8253
17.957
16.2653
17.1403
16.3953
17.2316
18.2669
15.0691
16.2955
16.554
17.0968
16.6093
16.9096
16.3744
17.5082
16.5746
19.8104
13.0013
20.1989
13.4453
20.0267
17.9022
12.0718
17.3915
16.6817
16.178
16.0985
17.7817
15.8225
17.34
16.2061
17.2287
17.0348
16.285
16.8226
16.7744
16.2948
16.3639
17.6548
16.3554
16.2997
17.5231
15.1677
17.0518
17.6675
16.5041
15.9536
17.5097
15.8881
17.9921
15.3875
17.2953
16.2268
17.1103
16.8763
15.9538
17.4674
15.8417
17.2251
16.2653
17.938
16.3416
16.9927
20.2381
12.5208
21.2013
11.9095
20.9356
12.323
22.0286
11.2303
16.8844
17.3456
15.0195
17.7446
15.9116
17.478
16.8369
17.39
15.2779
17.5863
15.5889
17.5627
15.9031
17.5471
15.4135
17.6044
16.9585
16.3585
17.5567
16.4819
16.6629
17.3423
15.3386
17.7568
15.5308
17.975
15.9508
17.1045
17.5347
15.9833
16.092
17.774
15.5602
17.3849
15.4089
17.861
16.5405
17.2434
15.3627
18.3032
16.7091
15.8141
16.5804
17.02
16.3029
17.4424
15.7648
17.2123
17.9009
15.5249
16.7243
17.5392
15.6989
16.92
16.1738
17.0471
19.8774
13.6384
16.951
19.0511
15.6444
15.1454
20.3161
12.9499
20.7007
12.4518
21.5196
12.1935
20.1799
12.9178
20.3004
13.8923
19.2363
14.0942
19.4947
12.7157
21.0595
12.7997
20.9416
13.761
18.8093
13.5091
17.1277
16.701
16.7439
15.6647
16.7566
17.1934
17.8671
16.5583
16.1614
16.4383
16.7708
20.0767
13.0365
16.7521
16.4471
16.1983
17.0711
16.545
17.7172
14.6673
19.0108
15.3116
16.8492
16.3401
17.149
16.5028
16.6135
17.4431
16.3843
20.6892
13.1399
20.3615
13.1546
19.5909
13.2075
17.5063
15.5909
16.8022
17.2327
16.2748
17.2986
16.199
17.3718
16.2264
17.1671
15.8202
17.6773
16.1012
16.3545
18.152
15.947
19.8903
13.7976
19.1605
12.9751
17.1436
16.6833
16.698
16.9096
16.7955
16.8835
16.278
17.427
15.6271
17.1793
15.0573
18.4298
16.1775
16.8939
16.7112
16.6032
16.8788
16.612
16.9097
16.9833
16.6176
16.5373
16.3357
17.044
20.3206
13.3272
15.6763
17.3037
16.6984
16.4208
16.4951
16.9864
21.1791
12.785
20.8474
11.942
21.271
12.1588
20.7847
13.0621
20.1628
12.6474
17.3347
16.2726
19.7376
13.7816
19.643
14.7602
15.9719
16.7862
15.8603
17.2457
17.2433
16.052
16.9316
16.3917
17.6894
15.7551
17.1439
16.4378
16.8038
15.8044
17.2645
16.2187
16.4109
17.6864
16.1294
16.9112
15.2922
18.4768
16.2021
17.2176
15.8103
17.7422
15.8472
16.7178
16.9117
16.5899
16.8458
16.9653
16.4468
16.5805
17.772
15.9317
21.5389
11.6351
16.8238
16.3502
17.8706
15.935
16.3554
16.9698
16.1691
17.3742
16.9366
16.8833
16.0998
16.8292
18.3107
15.0196
18.2745
15.0806
21.3509
12.6605
19.7238
13.0008
17.6083
15.5521
17.5843
15.75
16.804
17.2534
15.1441
18.1913
17.0583
16.4123
16.8769
16.7754
17.0942
15.3833
17.9834
15.8347
17.5974
15.4167
17.7103
16.1508
16.7786
16.0541
17.8255
15.8739
17.5756
16.1891
16.985
16.7077
16.5755
16.7269
16.4873
16.6163
16.9022
16.2027
16.2254
17.2206
15.8132
17.4262
17.538
15.9829
17.8207
15.4269
16.9468
16.9561
16.0069
18.0285
15.4134
19.5012
13.8764
17.2972
16.2194
20.9132
12.5086
17.7493
15.5472
16.5175
17.9106
16.2185
16.5914
17.2629
16.6463
16.2973
16.6263
16.2984
17.4177
16.1698
16.4684
18.2689
15.5147
21.081
12.1858
21.5844
11.6948
18.8415
15.0789
16.1274
17.0031
17.0241
17.0139
19.2091
13.9941
16.9922
16.1583
16.2867
17.4183
15.4348
17.4414
16.4135
16.8297
16.4983
16.7622
17.2842
16.622
17.2083
15.6516
17.1497
15.626
17.8557
16.3046
16.6246
16.8319
17.085
16.777
17.2074
16.5234
16.3232
16.8423
16.0847
17.1919
16.4423
17.3463
16.2832
15.7468
17.8902
15.3421
18.1188
15.4888
18.5276
15.0694
17.6518
15.6546
17.4595
16.7762
16.0083
20.9266
13.2057
20.4148
13.4112
19.95
13.1419
19.6816
13.7755
16.4248
17.3422
15.2454
17.788
15.7821
19.0154
14.7608
16.7871
15.7706
17.3081
16.5689
17.7002
16.8208
15.7922
17.4592
16.0131
17.2401
15.8747
16.3507
17.4822
16.0577
17.2058
16.3633
16.8758
16.7792
16.6985
15.6917
18.2369
15.4957
17.5139
16.3696
17.4829
20.3011
13.5257
19.8146
12.3901
18.8166
15.29
16.915
16.7361
15.4403
17.8493
15.837
17.7644
16.1512
17.0941
15.6385
17.4451
16.0448
17.4959
19.4973
13.572
19.606
13.8494
16.3229
16.3275
17.555
15.7994
17.5096
16.7244
16.4525
16.7922
15.9613
17.8915
15.6645
17.7766
15.5472
17.9779
15.4059
18.2828
15.6526
17.0745
17.8904
14.891
17.1039
17.3281
16.6997
17.0604
15.793
15.9696
17.4971
16.3275
17.372
16.0949
16.8758
16.0732
17.5234
17.4575
16.0709
16.8301
16.6332
15.8544
17.2728
16.7992
16.5402
15.9728
16.9656
17.0855
17.5901
16.2036
16.4894
16.1478
17.0154
16.1944
17.1094
16.921
16.5503
17.4465
15.7661
17.6054
15.6642
16.8743
16.4094
16.0908
17.3195
17.277
17.4315
15.3575
18.2618
15.2847
17.1135
16.3304
17.6107
15.4697
17.7837
16.599
19.3184
16.1983
14.5953
17.6294
16.0099
16.15
16.9358
15.9022
16.656
16.6731
16.7957
16.8109
16.7214
16.9611
18.2473
14.6708
18.3408
15.1846
17.2618
16.3765
16.6122
16.8382
16.2699
16.9571
16.3699
17.7425
16.3817
21.2213
12.0877
20.2798
12.9201
17.0133
16.7547
19.3778
12.8768
17.395
16.6861
16.4347
16.7922
16.6917
16.5085
17.1399
15.317
17.8185
15.7199
18.1678
15.1916
18.1542
16.1388
17.0016
16.8098
16.3542
15.5674
17.8963
17.6877
15.7897
17.3219
15.9907
17.2191
15.9866
18.5741
15.4356
17.3213
15.7416
16.8114
17.3341
16.9856
15.8385
15.9251
18.8565
15.3248
17.6271
16.3762
16.3804
16.9819
17.4109
15.1708
17.5642
16.6419
15.7946
16.9423
16.5199
16.06
17.8566
15.6226
18.7725
15.8308
16.9366
19.6539
14.0788
15.5943
17.0969
16.3829
17.2237
15.1172
18.3685
15.8746
