99.085
43.438
39.0258
54.9937
27.1334
30.8631
31.032
37.9241
39.3659
28.9667
39.6749
32.4657
35.3474
24.745
27.9785
30.7387
24.5389
36.9377
28.6902
32.4691
24.9501
33.8273
29.699
29.3433
25.6449
31.708
31.0317
31.1176
30.5786
32.5012
31.1246
33.6713
33.2687
38.4867
28.3963
33.5983
29.3882
35.8668
25.0439
30.6828
29.5087
31.4086
31.2879
25.6783
37.7682
34.5901
35.8349
42.0199
30.036
31.8083
25.2048
35.8596
33.4342
28.4701
26.7701
38.6285
37.0824
26.4484
30.2268
33.2201
27.9358
35.1863
32.8017
39.6519
28.6018
37.8995
35.5538
36.4484
31.9505
29.9856
28.2139
24.3862
25.2227
37.2713
32.3468
38.8354
28.5856
27.6887
27.9727
34.6159
29.4295
33.3788
29.4873
28.9606
30.018
33.7307
34.4674
26.7566
28.4469
33.8046
38.6246
33.1227
29.6358
30.5877
24.721
35.2957
34.5217
30.7701
29.8597
42.2807
31.2358
39.3277
23.5503
32.7458
25.4755
28.427
30.715
32.8207
29.4776
23.6219
29.8181
29.7068
33.3525
31.5973
36.5097
30.7259
30.7789
35.3191
33.6622
28.2357
37.117
34.8426
30.314
31.8076
31.6625
28.1581
28.1939
31.7524
37.1453
32.3903
44.2855
28.3003
35.9868
29.2267
36.0014
24.7584
50.7891
30.1757
31.655
31.1323
29.6072
36.2456
31.6157
28.4657
37.5445
27.6425
36.5169
30.9332
29.4837
35.199
25.3863
32.4967
31.9187
26.5561
29.5365
41.0554
24.991
39.9179
26.8736
34.7345
32.6125
32.3495
24.1822
32.0445
30.3051
29.0095
33.9189
32.9164
34.3937
30.2274
28.6883
28.3329
37.4963
36.6083
33.7862
30.0149
29.2157
30.7374
32.563
33.1164
26.3221
28.9809
25.4848
30.3357
31.8888
33.8824
43.287
25.42
34.537
26.9698
28.382
39.7485
37.9814
32.5513
27.7685
34.583
23.2541
32.1488
30.8854
38.904
32.0413
37.1555
27.4015
40.5582
33.2024
28.3565
34.9856
25.4058
28.1862
31.6324
34.0117
28.7355
28.5945
39.0158
33.3984
41.1303
30.9802
36.0894
29.976
37.0164
29.5095
31.4256
27.6922
26.4351
34.6675
30.1628
26.3602
32.3032
42.9865
25.9926
44.6559
27.7162
40.5751
27.2011
32.607
38.3233
31.0507
33.0081
32.7548
26.5644
37.2029
33.4182
30.7494
27.8315
29.8549
32.8479
27.1749
31.9431
29.5297
25.3504
26.8462
31.8794
26.7817
27.4578
33.268
34.0457
32.0553
34.0371
35.6772
31.5169
33.2402
30.7189
29.4613
31.1334
37.4636
29.2999
30.6011
34.4796
33.9271
37.9923
33.8765
26.6415
25.2434
27.8446
34.6267
29.6251
36.3948
31.0052
28.225
36.2224
30.7933
29.5234
29.8845
26.7741
30.7406
30.5558
39.8663
29.2194
36.6806
29.7679
42.3475
26.1325
30.1017
31.394
39.8608
28.4358
33.6742
23.9356
30.659
28.7622
29.9653
35.8591
32.4863
34.3531
42.3959
30.6791
26.1482
31.5091
33.1909
35.2743
33.2495
31.0098
32.6377
27.1054
31.2244
27.6013
35.3577
28.1642
41.6521
23.6229
31.5183
37.9599
30.8241
35.0191
35.4515
39.7857
31.1207
28.1179
38.5356
38.1795
32.3503
31.1337
35.1698
27.121
35.5633
32.5481
29.6039
31.622
28.909
43.1505
34.0037
28.4073
36.5763
31.863
27.7391
30.5783
31.7559
31.4054
29.537
30.4052
26.9229
34.2723
34.1138
33.4767
29.5658
40.0828
31.5615
30.7804
26.8086
34.0473
28.5351
27.5764
27.3016
28.4409
27.5188
33.4817
27.9011
40.0231
29.3013
41.4438
27.7944
30.5535
31.3891
26.5134
27.4968
39.7615
33.4969
28.5839
36.2026
27.5099
25.6116
29.554
28.0325
26.66
33.057
28.4115
36.2917
27.3699
36.2297
32.6413
32.3148
40.9239
28.5808
36.48
27.3862
35.1001
35.0613
30.2387
27.2548
36.714
30.6532
35.3061
28.9809
33.8255
32.8459
30.2264
36.828
25.1927
40.9464
33.482
31.2113
35.8306
30.1654
32.7195
32.3616
28.1456
33.4256
32.5894
35.9416
30.4473
34.8453
31.5056
28.86
28.9376
37.1991
35.2376
35.8725
33.2558
24.0992
27.6787
32.1715
26.3249
41.5172
27.7554
40.0561
29.5536
30.9577
37.0431
33.4919
34.2419
28.4594
39.6216
25.0932
28.1963
38.3326
31.8299
37.2143
33.5643
32.8357
30.73
37.5851
30.2284
36.8252
27.566
38.5169
24.9729
36.4823
28.8153
27.8629
31.86
36.0201
33.2209
30.1661
23.313
30.0373
27.7736
25.7319
31.4369
31.2091
29.0568
30.1595
25.4201
30.0807
27.5474
33.1685
30.1765
28.9569
26.6387
31.0349
27.1338
32.433
26.2739
34.1503
27.5954
27.1703
30.7306
26.2629
28.1635
36.7306
31.0579
33.2234
32.5235
27.9244
32.5725
28.864
28.9167
36.9399
34.4422
32.6821
34.0744
28.8095
30.722
27.3787
34.6014
29.3079
26.0067
32.8696
29.4257
29.2764
25.6233
33.9103
28.2051
37.082
30.2914
31.9284
30.3512
33.5409
36.4191
28.784
31.7543
37.6066
29.6741
35.2412
37.7935
29.1386
33.9837
38.9044
27.3753
43.6597
26.4141
37.901
33.6147
37.5686
33.3602
38.1476
32.2627
28.4038
28.5675
34.1684
32.833
37.1174
34.464
32.4388
36.8487
28.4872
28.6934
31.6231
28.8794
27.0788
28.981
33.634
30.5555
39.2049
24.2089
28.742
33.9288
31.3201
27.2188
34.2927
37.0126
30.0006
36.2161
30.7811
30.5717
31.2879
34.8228
29.5539
35.6405
33.702
38.6146
30.9708
30.394
32.681
34.0793
28.306
38.4942
28.9513
27.5755
25.7847
28.0448
28.762
36.9036
34.2418
24.7138
30.1167
28.0335
35.7254
35.0447
32.5079
33.2682
26.4203
37.9763
34.2051
33.9647
26.2127
34.1214
29.3481
39.7477
29.7593
32.425
33.0959
35.3571
36.3714
29.87
34.0261
28.7574
30.5787
28.8363
37.9423
29.9835
35.0472
33.6989
39.2215
34.0598
28.2936
30.5633
29.4446
27.3564
27.2599
37.8739
28.3386
40.8663
27.2301
38.0704
25.8202
27.8106
27.5017
30.7266
29.6637
30.3238
29.2976
29.1924
28.6548
32.2099
29.2031
31.939
35.0748
40.7013
31.0437
35.6333
28.1731
35.7154
35.2476
28.7562
30.6997
30.5766
31.2244
28.6255
29.6411
28.2752
32.6366
33.5057
39.414
24.8952
38.3307
28.4868
39.4114
27.7973
36.074
27.9533
35.6361
27.0031
39.8899
31.1222
27.7125
36.926
31.0241
36.8729
30.7501
36.0396
32.109
36.8417
31.4081
31.8271
31.916
35.0032
29.2292
33.3665
29.8445
37.9004
28.9411
29.8892
31.4636
33.3057
26.6398
31.3117
28.2102
30.8967
31.5539
37.2667
30.467
29.2134
38.1235
25.5246
37.9291
37.2843
39.0283
30.2106
33.9341
30.8912
29.6933
27.7258
27.3422
39.2794
33.393
34.6773
36.2253
29.1268
33.6425
30.6765
39.6052
22.895
30.3865
25.9749
34.3836
33.6001
30.3456
29.0771
33.5422
25.8629
27.0955
33.3909
30.8393
36.5324
30.4561
35.7548
27.1216
27.6967
39.52
28.0666
31.0642
33.5227
31.8895
33.0008
31.6268
33.168
28.6277
38.9152
29.3614
32.3091
41.7681
28.0657
41.8776
26.9532
39.19
33.6437
29.0576
28.8364
34.5514
30.3889
32.6178
31.0416
29.3775
30.2019
30.777
32.468
36.5961
29.2279
36.9348
30.5679
31.71
31.254
37.433
27.2231
34.6901
33.5115
31.9094
30.5208
24.3725
29.9723
30.8276
27.1041
29.5203
34.2254
36.2257
31.7122
29.3683
38.625
29.0129
35.9636
31.4952
41.0758
26.91
30.5174
30.0305
32.0531
31.6328
29.166
24.6644
37.1419
28.9375
32.1614
38.4556
34.1917
27.9585
27.7905
29.1873
29.6072
27.8812
36.8532
30.46
37.3021
34.0172
33.5665
28.9044
33.6713
28.0194
34.709
28.3149
30.2687
42.2616
26.1592
31.439
33.1967
34.015
35.7804
31.0334
38.2236
30.0104
34.7227
33.7717
35.6113
32.3779
29.602
26.138
27.3763
37.5536
31.2942
39.9868
33.3585
31.4128
34.2906
30.7942
27.4895
31.291
32.9424
31.8938
27.6708
27.5328
35.0624
35.4941
30.3717
38.1255
29.7068
30.8595
25.4511
44.4022
22.6406
38.231
32.1573
33.056
24.0699
32.7111
30.1148
40.6482
31.0656
33.0292
29.5346
34.345
36.2899
27.7649
26.1957
35.1931
25.4187
31.5296
37.5347
27.0343
32.7364
27.2518
34.3253
28.1167
30.3086
39.3155
33.4417
27.9162
29.0504
30.9018
39.6604
33.949
25.2052
33.8439
30.5281
28.845
31.919
35.1972
28.2166
31.1766
29.3919
32.9303
28.7819
28.7321
39.4143
26.8721
36.7441
27.2187
35.6756
29.0186
30.637
34.2213
24.8326
29.4253
28.4314
34.3686
35.5792
28.2747
31.8858
27.496
34.0428
31.1717
31.9816
33.3696
27.6734
31.0407
31.2192
40.1137
29.4355
25.7024
37.2343
26.4593
37.2326
26.5553
38.0112
27.1273
38.9479
35.7426
34.2715
34.0981
32.7796
29.4708
29.8161
26.1226
39.564
31.0556
35.4368
31.8516
33.3993
29.5834
29.9246
26.805
39.4166
29.1861
37.256
26.3096
26.1161
37.3372
30.1501
35.9913
27.7819
33.956
31.6789
32.6676
38.527
31.2892
33.6898
30.7598
33.611
35.5845
32.087
28.9815
35.3427
30.6742
34.0624
40.0007
23.1417
31.5873
27.6631
33.0368
28.3691
30.6905
28.3482
35.8929
33.9994
31.4223
32.9084
34.7565
31.1948
27.2441
33.1363
40.9016
26.4692
35.3951
30.5897
37.2738
35.844
40.0265
27.9989
32.4208
33.9749
29.1324
34.0464
36.4936
28.0295
28.7397
39.672
28.2427
39.2404
28.6574
39.0091
26.9323
30.8322
29.7276
31.0279
36.3776
26.2004
31.676
26.1467
32.7311
37.7235
27.5851
27.1552
34.7262
29.8418
31.6103
32.7061
32.1676
38.6423
31.48
35.7496
29.9822
39.3804
28.7475
