113.304
26.7173
27.7438
31.0193
37.947
29.148
40.8042
27.1928
38.1999
29.3736
39.7112
28.7258
34.2998
27.708
37.4484
26.1898
30.2305
25.8577
30.4837
27.4344
43.6147
26.3603
30.98
27.1702
30.2776
26.0318
34.1139
26.7484
32.3367
28.1226
31.5136
25.9766
30.2482
31.4808
38.0824
29.695
41.7752
30.3031
40.0031
29.2354
31.7766
26.6741
36.0083
29.064
40.6395
29.2912
36.5757
31.2308
38.911
30.3873
38.003
28.8716
27.8602
39.0963
31.9196
36.8439
36.1117
35.7638
36.6413
33.7226
36.0882
29.1691
30.8318
36.8725
34.1872
29.8215
29.2832
30.9652
27.8988
32.2396
27.7464
34.4609
26.8355
30.4649
28.3295
31.999
27.2355
29.0658
28.5938
26.8679
28.8662
30.6535
31.9863
31.1056
35.438
32.864
41.4943
23.8043
27.0434
30.2536
27.3568
40.6324
33.7658
29.992
31.3401
35.2747
27.0793
35.6708
28.6231
40.5234
41.6233
32.8666
33.3846
43.8306
34.9715
33.8952
34.4912
37.5152
28.3348
35.3641
29.9321
38.5329
24.3488
36.3595
33.9804
39.7374
32.9426
42.1067
28.7031
38.057
35.0026
42.1058
38.8968
45.3593
41.6084
36.3718
35.8082
46.3438
32.1078
34.4115
34.9984
33.5441
29.1385
50.2562
27.9422
40.0909
30.087
33.5213
25.5522
28.8542
26.2956
32.6819
27.2089
29.1574
31.3498
32.3144
30.6793
29.1562
31.7932
33.1685
29.9737
31.6571
40.9312
38.8372
38.0544
33.7812
36.8032
31.212
48.8095
24.3831
45.1677
38.2075
32.3551
32.0097
36.8359
31.4315
38.2535
31.3511
29.419
25.6206
31.0256
28.8336
33.2967
31.9456
37.6241
26.5916
40.9204
31.1817
37.0251
31.942
35.5413
29.6127
37.7365
28.3498
28.1873
28.7353
28.4944
36.2987
34.6966
32.8234
28.8115
29.8679
26.8775
32.419
33.9832
36.1999
34.1294
27.4641
36.5364
38.9489
33.9515
39.8988
38.5451
37.2201
40.6142
37.4077
43.1052
32.732
29.9735
37.365
32.9443
36.403
36.4992
47.4639
36.7924
48.7094
41.1985
36.5257
42.9446
48.255
39.8723
44.2523
37.9574
44.4796
36.6224
38.3621
30.8051
33.2571
34.2997
33.1419
36.7374
28.4684
37.4625
30.3045
37.322
33.1126
25.3284
28.4308
29.5716
33.6823
27.7148
28.8038
29.414
31.6734
24.5331
32.611
31.9217
36.5972
33.3982
30.7704
36.5149
33.5618
32.363
30.1872
28.5351
33.0172
28.856
35.7571
47.884
49.387
35.3636
43.1408
28.9453
37.0901
33.1203
34.3878
32.8246
40.4953
35.457
41.6259
35.476
40.4094
31.6166
37.8652
31.3858
27.7821
28.991
33.6709
34.2464
29.0204
37.9586
30.7705
28.4608
33.808
35.7643
32.7705
29.6675
33.9956
25.7929
41.6443
29.3149
35.5186
34.4174
29.9334
31.1578
49.8781
38.0999
43.1472
28.9468
43.1373
37.9075
33.9463
41.7224
42.862
30.922
43.5667
37.8761
29.4048
39.0364
40.1703
45.8478
43.7565
42.3106
41.4955
42.6435
40.2644
33.0021
40.2788
39.9513
38.5544
50.4082
39.9849
43.7286
40.4856
49.0666
42.5558
42.6889
44.395
39.0701
36.4822
38.1445
48.2728
33.3181
46.6076
45.2878
36.7535
32.0491
38.353
41.7124
32.2954
29.5483
29.4812
33.0779
33.4359
33.2429
31.3886
28.4249
30.6094
28.7624
39.4813
29.0771
40.8176
25.0146
26.7073
38.8237
34.6749
42.9015
34.1691
35.6212
32.2144
35.0519
30.4885
40.4425
31.6469
38.8576
28.5719
34.4524
32.2986
28.9913
30.3862
39.4265
28.2753
42.71
30.7516
37.126
27.2659
43.2445
30.6472
38.518
30.9668
31.904
32.2468
37.6908
40.9859
41.3506
36.2796
30.9695
31.7023
29.4736
29.1845
40.6205
28.4502
38.1535
30.4101
40.3105
31.677
32.2015
37.084
40.8053
28.9754
40.7984
31.5778
29.1407
32.228
39.4116
32.5022
30.8425
30.3378
35.9759
31.8337
40.7572
31.9665
35.8285
31.3951
31.291
32.4082
39.4515
28.552
42.9457
31.6065
39.2725
28.7991
39.3088
36.942
29.6468
28.3928
36.1669
30.9635
35.404
30.1628
37.1469
36.5794
32.7092
35.5927
31.9381
36.5332
34.4161
40.0001
32.6813
30.4668
37.2003
29.0641
37.666
38.349
37.0762
37.3125
31.2167
27.9614
32.8775
29.25
36.0934
28.9095
32.5731
39.8827
37.3589
32.1355
34.1515
31.1219
39.3152
32.8548
34.9905
32.3054
36.524
33.8356
23.1724
29.2279
30.8689
33.7042
27.3693
38.7407
31.712
30.6634
29.2637
33.0065
29.3706
37.9656
35.2412
42.1013
30.99
42.9104
38.5579
35.7328
41.1603
28.0887
37.4059
34.2121
26.7422
31.6932
33.666
44.0068
36.1305
31.666
32.013
36.7461
32.0217
37.1571
31.0204
35.0205
29.2069
33.7678
35.6737
39.969
30.9425
27.3083
39.4662
34.9878
34.8714
29.507
32.2982
31.0357
43.5637
36.7152
29.8897
41.1285
34.8331
30.3851
33.4466
37.3633
36.0285
38.3683
34.9104
33.9985
42.4042
37.2973
33.6481
33.4477
32.5431
35.9548
38.19
35.9428
35.1326
30.6453
40.8638
30.3394
44.3766
28.4002
35.0832
30.045
40.334
37.6016
43.0323
37.8514
39.7473
30.2899
29.3661
34.0283
26.1733
37.5043
37.0384
30.2123
25.6603
36.8135
26.9
33.1585
38.9825
30.9241
37.2195
36.7
28.7899
43.1631
31.078
30.0859
30.1375
33.2048
38.4503
28.1563
34.7558
37.54
31.0544
28.9055
31.1127
26.9792
35.7385
38.3868
43.3023
25.3648
32.3684
30.9145
33.4475
30.8527
33.6845
31.4928
38.6906
38.6295
35.6082
32.8053
38.0074
28.6328
39.1839
30.6805
31.6565
28.2034
35.6836
28.3182
33.356
31.372
37.5863
32.7422
29.541
31.3174
28.3705
28.2171
37.7024
29.9443
27.6953
35.1873
37.3718
25.8566
28.251
30.8267
30.1847
35.3321
30.9167
32.558
34.3296
30.2973
38.7785
24.9525
38.8291
28.5027
39.8686
34.1731
30.2847
30.1827
39.302
30.9671
37.867
37.7479
30.3909
27.6365
32.2884
38.9187
33.7747
35.7621
26.4849
29.6761
28.6483
29.1907
35.8446
29.018
26.1135
39.7983
34.6902
40.105
26.2377
31.5365
28.7796
37.0978
30.6131
36.9844
29.9498
33.686
29.7963
33.603
34.7322
31.2277
34.3138
29.1032
34.7309
28.6344
26.6022
33.2875
25.6596
32.1987
40.4814
28.5411
26.9455
31.1639
33.7214
28.5558
32.9653
29.8846
30.4827
39.1834
26.4378
31.9861
40.5337
27.5842
40.9693
28.4971
37.096
26.2459
32.3932
35.2495
39.7593
32.8288
28.7399
29.8546
37.1722
35.7352
40.5981
31.0998
31.7773
29.0437
30.6399
27.978
31.1322
28.1071
40.8102
28.2778
27.2828
28.3378
27.6242
29.259
38.0049
32.7894
34.7078
35.1284
34.4206
33.4051
37.7176
28.4638
37.8224
31.5758
39.8134
33.7226
37.3927
34.0983
30.2358
37.9434
31.3689
42.0605
30.8201
41.4562
28.5701
34.4495
27.2308
38.4536
29.6961
36.6034
29.6424
36.9532
29.4734
36.406
35.6289
28.284
30.1696
27.7222
31.0517
39.2559
29.9883
39.7117
33.0732
31.4076
26.406
33.8862
30.1316
29.0812
29.8197
28.2888
32.0088
32.906
28.3292
35.2651
34.3326
29.3504
30.1331
26.7034
35.6013
32.8524
36.2031
27.6031
36.698
29.5401
42.4753
25.0035
36.2122
30.8104
27.3656
28.4117
30.597
39.0717
31.6888
27.6837
38.6212
34.5274
29.239
28.9925
26.8242
40.3619
29.1564
36.105
39.1894
25.8451
32.8454
28.2749
27.6228
33.274
34.815
31.4339
25.8007
36.2858
36.5406
37.4947
29.1534
34.4207
26.6059
32.3242
37.9199
29.6905
38.9356
38.1732
29.7459
30.2426
36.5375
29.9333
33.231
30.5237
37.5824
33.0593
31.482
26.2037
28.4164
29.3838
28.8894
27.9048
30.376
32.4495
31.7274
28.7996
34.6451
30.309
38.7568
28.6755
34.1932
34.7657
30.1183
33.215
30.4773
29.912
28.0459
29.9065
27.3292
34.3277
36.7264
30.9867
40.0837
29.5464
37.1589
35.6838
31.2883
28.1307
42.8363
27.1896
41.117
30.3693
30.7833
30.3562
28.3512
27.7108
28.8238
29.1927
30.6527
28.8955
29.4385
28.8227
43.7716
21.6031
33.8012
31.3268
36.0128
28.0844
31.1099
30.9164
27.2198
28.0898
29.1317
25.4847
33.3786
26.8784
29.2589
29.039
28.8639
28.4739
29.123
27.8857
28.1065
29.1152
36.3076
31.5279
25.2499
29.9373
34.0684
26.7488
39.9226
28.3934
29.7082
28.295
35.52
28.8512
39.5955
28.3676
31.4826
29.4282
28.9375
34.4228
33.2447
37.8459
34.0202
39.2115
32.4002
38.0983
42.0317
26.6222
50.5254
33.9227
34.2995
25.8764
37.8372
31.0948
39.361
33.0199
28.9462
29.329
41.953
31.7628
30.3968
29.0847
28.7133
27.2427
36.852
31.3472
32.7342
31.6662
28.2261
33.2884
29.7031
38.7163
27.3324
26.4531
33.6333
38.4447
39.884
35.3544
25.9706
29.2461
27.8589
34.1209
33.9945
23.4103
28.843
35.1702
27.5355
32.4036
28.0279
36.2276
29.6732
37.1258
35.796
31.9383
30.0495
37.6582
38.2407
29.6882
27.7029
39.1803
33.3428
32.8122
34.6442
30.309
41.256
33.4651
38.0013
38.3827
30.1182
36.4311
35.0753
30.9773
29.0392
30.8847
31.4337
33.3358
32.0601
37.1279
26.2733
38.0747
32.1048
31.8848
27.0649
35.1706
30.0569
31.4591
29.4538
33.6498
31.0017
32.674
31.1134
28.843
28.3895
31.7023
26.3396
31.1169
24.7819
32.235
35.9657
25.6183
32.0236
28.3814
28.7155
33.031
33.797
35.62
33.6912
30.1927
30.1785
27.8456
38.8218
27.1096
30.5067
28.2077
39.5303
28.5354
38.4241
26.8258
37.7573
27.5942
33.8653
29.269
31.2021
34.4774
31.8675
27.4809
31.6188
29.0972
28.3604
29.2783
30.7119
24.1663
30.2343
30.7718
33.7617
29.8825
38.9973
30.2127
30.3445
25.7078
34.7856
26.2629
29.8106
27.0107
32.4127
28.9999
33.0483
35.2207
38.9488
35.829
39.6878
33.3724
30.3718
30.7448
28.2349
27.2075
41.3637
28.7884
44.7867
43.1277
35.0547
28.702
32.8631
33.5522
35.7224
26.836
30.8663
26.7004
35.9536
33.9193
35.5958
26.9945
30.7094
29.5862
32.2335
32.0935
40.144
31.478
29.9438
28.0987
32.2891
25.4506
32.5706
29.7391
37.7789
34.2805
31.0846
26.9492
41.8094
26.9188
43.0623
26.7287
41.1095
38.5059
29.2056
41.1579
27.8695
35.7406
34.6003
27.8981
27.8398
35.2433
32.6407
29.5428
28.5511
31.9485
28.3441
29.1059
29.038
30.9511
27.5112
31.3089
28.7575
28.5469
27.8883
28.6712
33.3423
29.9174
29.5392
36.0622
34.4219
29.563
28.4091
29.6001
30.347
38.0673
31.0074
37.4276
36.2419
31.815
28.6409
30.5777
30.3322
31.5557
33.3118
24.1738
31.8844
37.4415
31.8766
33.3138
32.9643
24.5609
33.5123
28.2793
34.9057
30.8492
33.8049
36.1585
32.5012
28.5684
41.6657
28.7562
37.2785
29.5464
32.0618
31.1106
31.1119
29.6266
41.6921
36.7869
43.5826
30.6537
36.921
28.1058
34.6483
29.6802
26.5162
30.2219
29.6426
30.2613
25.5182
28.0577
41.1621
36.419
35.4816
24.8389
31.0432
27.2982
35.5279
37.8585
39.8702
29.7689
37.6484
27.7784
33.9638
22.5498
29.3033
26.4293
30.9555
25.1518
35.0019
29.3145
38.8688
24.6937
32.2454
28.3682
39.6634
28.5621
37.9403
34.6842
38.7683
29.4254
30.9992
36.4546
29.3002
25.4935
39.744
27.8891
37.3596
32.7472
33.9927
34.8342
28.5852
26.394
30.1731
30.5184
35.1802
27.6475
30.9393
29.9379
28.7252
28.5647
38.9704
35.3314
35.0229
34.5959
39.2484
25.2017
39.4328
34.9388
28.6095
30.5147
40.1959
30.851
35.6425
35.8681
36.2359
38.7959
29.0274
30.0586
38.0765
30.3771
35.9331
34.5841
33.1576
33.6215
27.1603
32.5408
36.6997
32.3197
37.4011
32.0606
29.5487
37.0024
