71.6386
27.969
23.9114
27.1841
26.2172
35.9697
36.5355
32.2962
37.1376
28.0579
41.1755
28.422
27.9856
30.5656
26.5861
37.614
26.4454
44.378
26.4223
28.4763
27.3543
38.7799
26.1824
24.2866
37.4611
28.4393
33.6656
26.2758
42.0897
29.027
24.9249
39.2879
26.5553
29.4083
26.1071
30.071
28.0118
31.4486
28.9967
30.586
28.9096
28.1314
38.8551
29.2308
29.8919
27.4061
29.7358
29.6363
30.3432
26.4082
28.3822
23.2957
27.3612
31.7013
36.9988
29.6479
28.4766
37.4212
28.6994
29.4758
29.0643
37.73
27.9857
38.5529
34.2195
27.2515
33.8661
38.0178
27.7491
31.475
26.8827
38.6204
24.8741
38.4184
26.5465
31.7147
24.8508
31.8439
30.4068
25.4728
27.5017
32.8486
29.3668
38.9147
28.395
28.9088
27.6577
43.1886
29.4
27.7208
28.4336
34.6786
25.7412
30.6177
27.645
32.7077
25.5044
30.1479
24.7733
25.1396
25.018
28.6024
28.5757
32.2595
32.3316
27.6168
27.2295
29.6265
26.2895
42.8935
31.0819
39.0599
24.9061
32.6447
27.857
29.3937
27.7535
31.8062
29.0453
38.0125
29.7962
27.3702
26.3683
38.0027
28.4926
32.2508
30.9235
29.7199
29.1665
38.2388
27.2825
29.1372
23.3938
39.1051
27.3244
29.8554
36.9437
29.4766
35.7371
28.9543
26.6431
39.0164
30.4954
35.2237
27.5012
36.3023
30.7235
33.9999
28.665
38.369
29.4316
38.1217
33.0873
26.1346
28.4542
37.3941
31.3884
34.3036
29.3955
28.9842
27.3453
29.5224
29.0602
23.7084
39.1451
27.2569
28.7272
31.337
34.8745
29.6514
24.9783
28.4375
34.0105
28.3909
27.3294
35.5335
30.114
38.9917
30.4793
32.4613
28.5939
36.4506
27.9235
30.9297
28.7182
29.451
27.1529
28.6673
32.8724
28.2616
37.6187
34.5256
29.8227
27.045
29.9074
34.2768
23.5224
39.6544
27.3138
29.3686
28.6753
27.7818
33.6571
28.4182
38.8838
27.7466
35.5442
29.0025
25.9322
27.7914
26.0845
30.2596
35.772
29.0927
26.51
34.294
28.0898
27.7188
27.1156
26.7897
35.0893
29.4747
34.7073
29.0584
29.7392
30.4278
33.663
26.5724
37.7068
28.9559
27.368
27.7955
24.6729
31.6986
28.7886
36.3915
28.0313
29.7369
26.3088
31.1091
29.296
26.7225
29.8875
28.1343
36.8978
27.3754
25.0579
32.7737
23.7836
33.4113
27.6316
27.1271
25.8546
28.729
29.2574
39.2878
31.6668
28.9645
25.4052
33.9253
27.7384
27.9031
26.2251
27.2118
31.0012
33.7628
29.7359
27.8748
26.5065
28.1382
33.8992
32.3083
35.8199
31.8206
29.3984
31.364
30.7101
24.5643
28.0945
25.9305
33.4246
24.6789
29.0619
27.9105
33.7183
26.3633
27.9479
30.1479
39.5884
25.5253
28.6387
27.4226
28.7796
26.1032
28.0806
27.9317
41.0437
29.585
27.1872
35.45
29.4042
34.765
29.749
36.6091
25.0817
24.5856
29.4147
35.7484
29.6343
36.4069
37.643
36.6766
28.2213
32.4852
26.9268
25.8444
28.8638
32.7301
26.7824
22.8613
28.5463
26.5807
30.7271
27.5866
25.9995
32.2001
29.3227
24.2788
34.1784
24.1636
26.996
23.281
27.0333
24.5934
30.7405
22.8757
33.0586
26.0554
30.1761
31.6558
25.4485
26.6208
29.8268
28.171
37.3149
23.1776
33.947
27.4149
27.0633
35.919
27.0096
38.1442
28.1729
34.3893
26.7915
37.4187
30.9165
34.5585
28.7287
27.0382
33.6034
27.4074
28.2647
26.4769
33.917
27.8475
31.3963
25.1989
39.3462
31.8426
29.5743
27.737
30.641
28.6763
36.423
29.7562
32.0455
29.3475
25.7221
27.0383
32.7806
27.5919
29.1057
39.2404
29.4698
30.0636
27.7139
39.0802
28.2024
29.6844
26.2741
38.2651
28.7599
28.1561
27.0363
26.7181
36.1153
33.7432
28.2503
29.2387
25.264
28.2688
26.7967
26.4564
40.5157
25.8931
27.1606
26.9479
28.6263
27.3646
28.5751
36.019
26.4535
38.5338
27.6003
39.8433
27.9805
39.5048
29.0849
36.9233
28.0799
41.5111
28.9089
36.5397
27.0487
28.3219
30.2927
37.8215
29.831
34.8733
32.8289
29.5502
25.1444
27.0338
28.0587
24.1237
30.8241
27.5605
27.2099
28.5256
30.2985
29.983
28.3096
26.0835
36.0055
25.824
28.1318
28.638
26.8716
26.7698
27.347
25.8862
35.0808
28.9743
30.616
27.8594
33.5944
29.2528
40.0102
25.3852
34.3007
27.0416
31.0861
25.8089
30.1181
26.3053
27.7241
26.3158
31.7821
26.8765
27.1841
24.0088
39.8336
35.6179
30.7865
25.004
25.9322
23.1656
34.2631
28.4309
27.6549
25.0454
29.6498
25.5873
27.4557
35.8655
29.0462
37.6202
27.0954
36.1922
28.4127
31.7883
29.8753
33.0543
28.4588
29.5388
29.476
27.5109
26.7861
30.0489
28.0463
28.7514
28.1053
35.2424
28.3738
30.7531
27.6813
28.1666
36.443
30.6114
41.4715
26.3933
28.7043
28.2012
36.5717
30.3983
23.8926
33.8739
28.1146
28.8917
25.3659
31.5778
26.7239
28.8022
27.7198
28.3514
24.0285
33.0356
28.3899
28.6494
32.4238
26.8987
38.9691
26.8553
39.9422
28.3549
32.3359
27.3266
26.9427
28.1347
28.0552
32.2949
26.3541
29.1031
24.9152
33.0856
31.0527
25.0982
27.5078
40.7158
30.263
30.5724
27.695
30.8458
25.1671
40.7859
26.3347
24.7272
29.6541
26.4067
27.1366
27.8313
25.7837
27.5749
25.142
37.8717
26.0729
41.4652
26.357
27.361
27.166
28.2539
36.3088
29.0251
37.0589
29.5244
38.2185
30.4388
34.0521
25.9723
29.4921
29.0026
25.2445
28.3237
26.3059
31.2714
27.056
40.507
26.1933
31.068
23.7959
31.8538
26.9694
26.8104
25.9438
27.7774
29.9827
41.2062
27.2114
30.6233
38.6666
27.0408
39.9903
28.7482
27.7401
31.3494
27.866
30.2217
24.0771
26.9159
39.3582
28.9974
24.9569
39.2432
25.3035
27.5198
23.2145
28.847
36.0927
28.3458
35.7923
27.931
28.7594
34.6716
28.747
38.595
37.2979
26.827
27.948
29.0238
31.3607
27.3887
37.6144
27.598
29.6559
31.8166
25.9387
24.8703
39.7716
30.0012
33.0755
27.8638
39.2471
28.5529
40.8272
25.1661
29.9892
33.4479
27.0819
25.9074
29.501
26.3813
26.975
32.4178
28.614
36.3761
30.8242
26.4305
29.8442
23.5835
37.2474
25.7985
28.5346
26.6423
30.1145
25.7253
28.0295
27.2357
42.1371
27.6951
26.7736
29.6975
29.6607
32.3251
29.4452
34.0303
24.4277
35.4314
26.5093
32.0113
29.3588
39.7037
28.8281
27.9397
23.678
32.8745
27.6548
27.9753
34.4468
27.9839
26.0124
37.3938
28.3211
28.6544
26.7457
40.6556
30.6717
34.2474
30.1347
30.109
29.9515
32.3647
30.3906
27.6781
24.274
40.4389
30.3591
28.4198
25.6588
29.0867
26.8308
40.8871
27.5054
34.2259
28.0139
30.1146
35.6265
30.0142
35.1012
36.9573
24.9652
28.3721
24.5935
26.713
26.3357
42.733
25.8841
27.7896
36.793
28.8883
32.5365
28.0763
29.3353
27.2936
28.9546
31.8841
24.8183
28.7347
32.7017
38.2475
28.0955
28.2353
29.1263
32.1971
30.0611
28.8621
34.8369
32.8182
34.654
27.892
43.896
29.3533
36.8294
31.2098
26.9993
30.91
29.0965
30.4093
31.1262
34.9175
30.8336
30.2809
23.0398
26.9554
25.0773
28.8969
34.1537
31.7402
32.7455
27.7278
30.5217
29.7512
26.3602
38.1757
33.0971
26.907
35.8735
26.6111
36.015
28.8649
37.4958
29.8324
37.3063
31.0713
25.8818
30.1113
23.8587
26.78
27.9343
24.6918
27.3472
23.1861
26.69
26.2699
28.6074
26.5
30.0164
25.9446
31.355
26.1738
40.9696
30.3359
30.5885
28.3814
29.0625
29.2469
31.3733
26.6374
26.4225
26.5728
25.6656
30.1715
30.3612
28.784
26.6881
29.7396
29.2359
25.0289
38.2469
26.1027
28.4861
28.1249
28.341
27.0136
36.9159
25.6008
30.9764
27.1002
25.1435
25.31
32.862
25.43
32.9646
29.0053
27.2556
39.6518
37.8178
33.8484
35.1456
28.8294
38.1426
30.9308
25.4416
26.3497
37.5786
28.2388
26.9994
32.2876
29.1874
26.9636
27.5925
27.7099
38.0451
29.3849
34.8051
28.8918
37.5493
25.6072
25.6182
43.397
27.7402
28.6048
24.2928
30.1412
27.7831
28.8831
27.9803
36.7411
26.9682
32.6446
27.5591
