60.78
20.868
20.3536
21.2534
18.9417
24.2524
22.7502
20.026
25.0907
21.2108
25.0883
20.581
25.0777
19.6068
23.7107
19.1193
23.0369
20.2681
21.627
19.8739
21.4023
20.117
22.6666
19.0146
25.2961
20.6476
27.6424
20.8248
19.4014
24.7303
21.6081
25.3319
19.2856
19.1247
26.5898
18.8355
19.794
21.1597
26.3693
20.427
22.6231
20.0895
19.1985
19.3275
19.508
24.7496
20.1191
24.5455
20.7006
23.5184
20.1437
20.0883
19.6706
18.5742
23.1491
21.2312
19.5934
19.6563
19.0371
18.3302
23.6258
20.3981
23.4691
19.8843
22.8191
19.1315
20.9962
20.6119
19.8736
20.2634
22.4092
18.6388
19.4674
19.1377
22.3634
20.1913
20.7301
20.7924
20.754
19.9865
26.2724
19.8492
20.0752
22.5067
19.2652
20.1931
26.9821
21.3174
25.816
20.2628
19.0429
20.2522
18.5394
26.4165
22.9602
21.2774
20.4491
24.9965
20.2128
18.8414
24.51
22.0289
20.4595
20.4045
19.0834
24.53
20.0446
19.4027
19.5794
19.3322
19.3398
24.5529
22.5643
20.0335
18.6387
26.6911
20.2777
24.2316
20.7642
23.1341
21.9642
19.8251
23.3801
22.0434
21.3874
20.4504
20.0065
17.8169
20.3675
23.3545
20.0874
23.1672
19.8322
22.7668
20.1364
25.4831
20.193
20.0809
20.6247
20.321
17.698
18.9911
17.7066
23.9299
20.3884
23.1749
19.9555
20.9609
20.6585
20.224
18.7985
19.9399
17.774
20.2483
19.7492
20.2819
18.6271
20.5101
19.84
24.2806
20.8361
19.6354
17.7687
23.2232
20.8761
21.2718
17.8322
26.7402
20.3629
24.0801
21.7112
23.9008
20.1368
21.2788
18.2228
23.0001
21.1605
19.8972
24.0413
19.0163
17.2689
22.9971
21.3304
21.982
24.5057
27.0966
19.2431
21.0257
17.6723
20.8391
21.4671
20.2784
20.9029
23.706
19.506
17.6806
20.4599
19.9586
24.4811
20.6328
22.9842
20.8554
23.8708
19.6246
19.539
20.146
19.1596
18.6383
18.1093
25.4669
18.8151
20.5854
25.6957
20.1425
25.5705
20.9637
24.3859
20.9442
25.7633
20.367
28.3653
20.0699
20.1554
23.907
20.3863
26.6687
18.9825
21.2442
18.3584
19.8835
19.9353
20.8702
18.5489
20.8093
26.7444
18.4733
20.0626
19.7213
20.17
20.2097
17.282
18.836
20.8351
19.0298
18.6824
19.3873
20.4044
20.6783
22.6628
20.587
23.5848
20.5983
26.2991
19.6068
20.6462
18.0718
20.289
19.5158
22.1014
19.4108
21.9418
19.3553
24.4732
21.2544
20.2562
18.5087
20.7836
19.9743
25.6101
19.8224
20.1603
19.0746
20.2905
21.1363
20.1114
20.6795
20.1149
19.631
30.358
19.3355
21.3681
20.8614
20.782
19.3191
20.2428
20.4616
19.4553
23.7496
20.2325
21.6928
23.7592
19.4801
20.0689
19.3693
19.4216
18.8425
23.35
18.5786
20.2245
26.2866
20.8497
19.7463
20.0804
26.7278
20.3709
23.6598
18.6319
25.2761
18.6367
20.6195
25.2011
21.7446
20.1308
21.5271
17.7746
24.1361
21.1211
19.5313
18.7442
26.9607
17.4622
20.6584
19.3835
27.9675
25.1782
20.6522
20.3107
20.5665
18.7542
21.0848
19.7501
26.2896
19.3273
23.6797
18.9569
20.2942
19.4301
20.4084
19.0382
20.4197
17.6486
20.7581
19.9766
20.4917
24.597
20.6039
19.5969
20.1935
17.6606
20.3847
19.8207
23.309
18.9569
20.4698
18.202
23.2435
21.1959
23.345
19.2789
19.9347
19.386
19.9612
20.1478
26.5533
18.4162
24.4331
20.413
19.7012
25.1324
19.8034
27.3194
20.6536
22.2291
23.0609
20.5608
21.0663
26.5224
30.0046
20.4784
18.9146
21.2044
19.5813
23.1733
21.7594
23.777
19.3011
19.6948
25.2693
20.9749
25.9526
20.5244
27.3004
21.1273
19.7305
23.2944
20.7748
23.9413
20.198
21.084
19.8978
20.0236
17.8709
18.9864
19.7269
18.2259
18.0221
20.3646
20.8048
20.9891
18.0557
19.9883
19.7441
27.2244
20.6875
28.4583
19.216
26.8346
19.5772
20.6748
21.7592
19.9382
19.4027
20.384
18.3991
21.0056
19.2686
20.7437
19.0988
23.4048
20.6328
20.6675
17.4227
20.9531
25.6854
20.6482
23.7601
21.1412
24.7831
20.9266
20.5311
18.1089
20.4337
19.2517
23.7885
20.5006
19.3829
22.6175
20.9636
20.9474
20.4778
26.9056
19.0225
24.7468
20.7595
20.3766
24.4169
21.5953
20.2436
19.94
26.365
20.5534
19.9622
24.5241
20.7668
25.3846
22.1876
18.6684
25.6418
20.9229
22.8861
18.7108
23.963
19.6948
20.0672
24.6041
26.6651
18.3665
23.6805
20.5686
20.2885
18.4272
20.1529
19.667
20.8719
19.0296
19.4322
19.8798
19.8049
17.4109
23.4047
21.3821
19.9787
20.1248
23.4437
21.4669
20.1148
18.7758
19.1366
21.2646
24.3268
20.8623
19.3283
24.3591
22.9623
23.2612
20.5553
20.3613
18.411
23.2079
21.3768
20.886
21.1292
21.0504
21.5197
19.5983
19.5507
20.5779
19.619
22.5175
21.0387
18.5553
21.0455
20.3025
19.9359
20.5033
24.6463
20.4639
25.8058
20.7606
20.3943
27.062
18.9804
26.6793
17.8756
23.2994
20.841
20.9775
20.6923
20.3781
20.0225
19.7693
25.0981
26.6689
19.7017
19.4441
19.9242
20.3991
19.1752
19.136
18.3174
25.6459
20.0335
18.8347
23.7896
19.8765
21.3105
18.0597
24.2948
23.866
19.9591
18.6595
27.4422
20.0091
26.5069
19.7367
24.6134
21.1517
20.1273
19.0185
26.5599
19.8164
23.3116
20.4776
27.1474
21.5062
20.5227
25.3498
20.603
25.2579
26.2812
19.3062
23.4971
21.7845
21.3555
27.1004
21.7096
18.9458
20.0232
19.415
23.533
19.9733
20.4694
20.4859
20.5901
19.1537
23.5195
21.4338
20.4561
18.1684
19.8802
20.1828
24.1686
20.6198
20.0785
23.0504
21.8082
19.5114
25.5262
20.5914
17.6632
22.5956
19.7977
21.177
21.9274
24.0366
20.1367
19.2013
20.0503
22.1689
25.8372
21.6749
25.7828
17.9834
20.5352
21.2386
24.5656
19.472
23.7664
19.7234
19.9577
19.6652
20.6198
17.5668
20.8734
20.6319
19.9279
18.7389
23.8406
19.9806
23.3777
20.2503
19.5683
19.0907
20.1759
19.9707
19.3646
20.8153
18.9645
18.9278
17.7059
25.8699
20.8801
25.0598
19.8555
20.7488
25.1312
22.2266
18.7653
20.989
20.652
21.3746
21.672
21.6652
25.8615
20.0534
19.6365
19.4664
19.1767
23.6378
20.2816
21.0131
19.8752
23.3195
18.7426
27.0647
20.2871
25.911
19.3499
20.2442
17.7317
20.3658
20.3116
18.6149
19.7219
20.3152
23.4876
20.4846
26.5464
20.4331
20.3009
23.033
19.8208
22.2071
18.9259
20.5158
19.0414
20.4167
20.8151
20.1506
19.8265
18.8705
19.1847
24.4828
21.3343
21.6937
19.2714
20.1926
18.4813
20.3166
23.7491
25.8164
17.6175
19.1283
20.1546
23.8497
19.7754
20.695
17.5529
20.0336
21.5133
18.6752
22.4972
18.2107
19.2537
24.1617
20.652
18.4384
20.6752
18.422
19.942
18.9805
20.2553
20.3614
19.7904
21.0244
25.914
20.8772
21.1719
20.07
20.4322
18.5429
19.12
24.4492
21.9442
25.5349
20.1478
24.9048
22.2559
20.5398
27.5007
20.3439
20.1341
17.6303
23.5107
21.2835
20.4537
20.1327
20.9616
19.5081
19.7767
20.6177
20.4742
19.9888
21.1675
24.7773
20.2489
20.8836
19.5411
19.2733
20.8528
24.4027
19.3805
21.1994
17.7943
19.4477
20.2758
21.2826
24.9767
19.6583
19.5016
23.7317
18.7499
23.7842
19.2921
21.278
20.9237
20.8428
20.4848
25.0881
20.8504
19.7605
24.5874
20.0597
19.8437
27.2559
19.7434
21.0168
22.2506
19.5401
24.6219
20.6332
19.3292
23.1832
20.5268
21.0642
20.7217
22.8745
27.3606
18.7245
20.4351
21.0366
18.5837
20.6073
18.1903
22.5114
24.7028
20.8427
25.9314
20.5476
23.6809
20.5923
20.491
20.5549
19.1914
20.367
22.5841
18.3172
19.3655
20.0764
19.6076
23.1572
20.7012
26.3821
20.1785
23.8043
20.7672
23.9015
19.7689
20.2282
20.0403
24.0126
20.8218
21.2874
24.7074
20.0729
22.3899
20.5127
21.044
21.1348
24.4978
20.8093
21.5996
18.9838
21.1788
19.158
19.9701
18.8438
20.5015
20.2488
26.2041
19.3788
20.7493
19.2612
24.1221
19.5831
27.3819
21.6243
20.5889
20.5713
20.6458
18.2954
19.9946
21.514
20.1671
20.4454
27.2893
22.5491
24.0757
21.33
21.8936
20.8518
20.2214
18.0643
24.8426
21.1461
23.5398
19.3449
20.2829
19.9868
20.3712
17.3539
20.0063
19.0301
19.3813
19.5385
26.8145
23.6628
19.6372
24.7906
20.2267
19.9788
18.9774
21.8036
20.1544
20.5961
18.8703
20.2015
19.8518
22.8366
20.268
22.6914
20.9482
21.606
26.8929
19.9255
20.2469
19.6219
24.416
19.7715
20.519
19.6164
24.0143
19.6039
19.668
23.7428
20.8884
25.9923
26.9988
21.0378
19.5334
24.8781
23.6303
20.0054
23.5392
20.2487
24.2181
20.234
24.3058
19.6493
20.5808
21.2277
27.9257
19.2728
20.4444
19.6646
21.4246
19.2401
24.0617
21.3746
23.9175
20.4114
26.8477
18.5886
25.9882
20.0317
26.5407
19.6583
20.9878
18.4138
20.6402
21.9142
19.613
28.0902
19.3947
26.5614
18.7293
26.5666
20.8912
20.6024
17.7926
20.5698
19.2885
27.1468
23.1244
27.7111
