87.0219
24.1181
21.7529
22.179
32.6764
22.67
31.3753
24.4279
21.9325
21.9529
27.8531
23.2682
24.0866
22.4049
23.1099
30.2602
23.0512
33.3603
22.9957
30.9704
24.2175
31.2937
24.411
24.0497
23.6227
21.4391
24.7998
22.8081
23.4471
21.6404
23.4982
25.9651
23.9938
26.0215
26.053
23.8541
24.4216
21.5169
26.4862
28.1203
22.2629
22.9906
24.0108
20.8798
22.4617
25.9398
21.9672
27.16
34.079
27.4797
24.973
24.0665
24.99
24.4699
33.4686
22.9846
22.4139
27.4223
24.2122
24.0211
24.1586
22.7317
33.8421
22.5362
23.6748
22.891
23.0435
22.5467
34.3684
23.0017
23.1007
22.7065
34.6146
24.2041
24.6224
25.0566
23.798
21.5223
23.543
20.5897
22.7497
24.9276
22.2263
33.792
22.9657
26.2099
23.4712
22.5073
23.6937
20.3143
27.1448
23.1068
26.2285
23.6763
22.576
22.8964
22.8185
25.1235
34.2202
23.7948
22.4805
23.1619
35.9373
34.9661
24.0413
23.4052
32.3423
23.8635
21.7894
24.0304
23.9308
23.2943
25.6515
31.791
23.0191
33.5045
24.771
26.7525
23.1875
22.46
22.3638
22.5551
23.9279
32.0434
23.7032
32.9163
25.0917
21.7893
23.1753
22.8772
23.4851
30.8406
24.349
22.5422
22.7368
20.8685
22.9977
29.9893
24.8943
22.5115
25.5
20.2719
22.8417
23.3001
22.1962
26.0128
20.2499
23.7418
22.998
24.4906
27.7401
23.9704
23.5356
22.0499
25.471
34.4069
23.069
35.394
23.1515
24.9764
23.822
22.5621
29.4644
26.4657
22.8888
23.6764
31.8092
24.3615
31.8319
23.576
22.9645
25.3927
23.4435
31.6457
23.8643
31.9656
23.1418
26.265
23.1341
20.2968
23.6574
33.5931
24.1428
24.0582
34.6253
22.9354
23.5643
32.7389
23.8781
29.4551
22.5733
33.9177
24.1387
31.9265
22.407
22.4797
23.051
27.4052
22.8733
22.6124
22.3552
22.8221
26.4448
22.8489
22.8938
23.7266
20.2363
22.076
23.5339
26.6427
23.781
27.6509
33.0922
23.4688
22.0703
23.4427
23.7836
31.7199
21.1135
25.608
23.6473
24.9052
30.546
24.051
29.8731
22.6653
30.1997
24.8974
22.2731
23.1849
22.659
23.0498
32.7938
23.1759
22.8078
24.1414
21.0301
32.6764
26.7764
23.6191
23.748
20.8676
23.8383
23.578
22.0865
28.0979
23.5135
27.0968
21.7083
24.8434
23.0243
23.4354
22.8241
31.0236
23.9873
32.5864
23.7392
22.7601
22.6651
23.0198
25.8879
22.4607
23.0462
24.4877
26.8111
21.4549
23.2022
27.9466
32.7728
23.1749
28.0428
31.3005
24.8866
24.278
23.7023
23.2965
23.4683
21.3806
34.4363
28.2445
22.4913
22.328
32.4043
22.7121
30.9934
23.2063
21.6172
22.8929
21.8512
23.5278
24.3633
21.8239
20.5943
22.5092
23.6995
22.9013
23.7858
26.0369
23.7868
22.8841
23.6483
20.3842
21.9235
28.3375
29.0188
23.0343
23.2523
32.8471
24.0108
22.5185
20.3618
21.396
20.3037
26.6547
23.174
24.2625
23.4021
21.4818
24.7168
20.6396
23.491
33.5663
20.6088
28.4935
23.5377
20.5737
23.1807
22.9952
22.9723
20.5909
34.1674
24.9539
24.9619
23.5232
23.8294
33.9658
25.0892
23.8909
27.5439
22.7717
20.6912
23.8308
25.2013
22.6209
22.9042
26.0844
22.8273
23.5661
31.9264
22.0051
29.3511
22.3903
23.4495
33.4194
24.4263
23.3806
28.9543
24.0859
23.8515
20.2064
22.6432
20.8442
22.5295
22.6837
20.5851
22.0363
22.2247
26.841
22.6019
27.3753
23.8905
24.2315
26.4856
20.3518
22.9785
20.8649
20.3447
20.5314
32.7659
23.9824
24.3987
27.495
23.1336
25.5721
23.9991
23.4415
22.7896
21.3006
21.6857
22.223
33.6701
22.4979
21.4214
23.7415
23.6718
22.6073
20.9797
23.2334
31.2769
27.7648
23.4514
30.7861
22.3608
25.528
24.5166
20.8919
33.088
23.4567
23.1065
23.1412
24.078
20.2591
33.2448
23.5466
27.4061
22.4
33.8608
24.0927
22.758
20.3161
22.9271
23.6632
29.0774
22.893
23.6026
24.1258
26.9828
22.5428
21.6394
23.4329
26.0617
24.3095
25.134
22.7246
22.1143
23.3358
26.3959
22.2126
22.5218
24.4796
24.7861
22.8588
23.4584
20.8078
29.2676
23.2138
23.8302
22.9711
32.8728
24.0478
33.6144
23.8395
22.9366
22.823
32.315
23.3207
22.2821
28.004
23.6347
23.0605
33.7312
23.6322
26.8334
23.4789
32.2788
23.9075
23.8754
23.7415
22.7865
33.3792
23.9872
34.587
24.2179
23.531
21.5796
23.9536
33.6336
23.4526
28.825
23.0316
22.5453
31.8318
23.5647
23.9591
23.5137
21.8715
23.2474
23.3429
26.2106
34.4655
21.7123
34.0803
24.4312
22.7647
23.644
21.3708
31.8709
24.0328
21.2253
32.8641
24.6248
24.5908
23.9029
26.7027
20.7078
25.4837
22.5981
23.1606
24.6418
32.1606
22.2423
24.2669
22.1834
31.697
21.9696
24.8961
21.2832
23.7052
33.2944
27.1189
22.409
27.5237
22.8117
21.6334
22.796
27.0194
32.9224
21.5556
25.1523
33.9833
22.4127
23.054
25.0751
23.004
21.2833
22.7018
22.0759
26.2119
22.6186
22.3815
32.8512
23.0808
24.7612
22.4127
25.575
32.732
23.0208
22.7824
32.8036
24.0916
22.6611
20.981
24.2209
21.0313
22.1903
23.026
22.6219
26.4795
23.0086
22.2874
24.8517
24.0722
23.8952
20.1983
23.9478
22.105
23.81
23.3285
23.4666
22.3663
23.9382
30.3064
23.0123
24.9063
35.4094
27.6219
21.8672
22.7379
23.5178
20.0105
34.0352
27.489
23.3939
24.1794
22.6243
34.179
22.4838
26.5943
23.6918
22.0776
26.0522
34.5825
23.011
22.8175
25.1221
23.2248
23.9127
23.641
31.4061
23.3384
25.6597
27.841
23.6226
27.4094
34.2832
23.0454
23.5837
24.1761
26.8681
24.6274
24.6783
23.6528
34.3257
26.6352
28.7649
25.1157
24.6762
22.2598
23.038
23.4611
22.2486
27.5076
24.7773
21.3885
23.2699
22.6291
27.1497
22.8806
25.0277
22.4532
21.861
23.8053
33.1854
23.1079
22.7956
23.3398
33.2834
23.0104
22.7878
23.1229
33.7255
23.6051
23.7097
22.6975
22.9333
22.7709
22.618
22.0585
21.4232
23.9275
21.8264
21.6658
23.2168
31.894
22.1434
29.0936
28.7236
23.7526
34.0743
24.7909
22.0287
24.2321
24.7057
22.8294
23.1804
22.9524
23.5484
23.5272
32.3502
19.8935
24.6032
24.8087
24.3838
33.5307
24.1759
23.6708
23.7937
23.0461
23.9394
23.5728
22.065
21.7816
33.8931
33.2134
24.0771
22.8899
23.604
34.4634
27.2891
24.3975
23.6985
23.8807
24.8002
30.8142
21.5807
23.0925
26.6334
23.9928
32.0362
24.1415
25.6628
25.0213
21.6289
22.8741
30.9819
21.1609
22.848
20.5189
22.9291
33.5686
23.5352
23.1186
20.9047
23.5263
24.8346
20.7903
22.5476
21.7651
22.2489
24.9871
34.4644
23.0064
25.0432
24.7849
21.651
21.8889
24.1734
26.9947
22.5463
22.4257
29.3969
24.1257
24.0714
26.9674
23.848
31.6991
23.5887
24.7567
23.937
21.2494
24.8061
21.9617
22.9638
20.4458
33.4564
33.0748
22.8109
24.3758
25.9136
24.1457
23.085
22.8377
22.4661
21.3664
32.2483
23.7093
22.5008
22.3
33.8898
23.0569
24.0459
22.9273
26.4437
25.9581
23.1174
23.3423
23.0701
22.6124
23.3753
24.282
35.0685
26.2941
31.4593
26.0344
24.8672
25.0835
23.1756
32.0298
24.1099
24.411
22.7329
33.1055
19.76
22.5242
24.7095
26.8891
27.1796
21.1382
26.5855
20.9896
23.9799
33.729
23.5504
27.0457
23.5603
22.882
27.5432
23.52
33.5119
22.4885
24.0757
23.2934
27.9721
34.1822
23.428
24.4074
21.9475
22.7865
21.8022
29.6231
23.055
23.375
27.2748
22.6297
22.1306
22.4996
22.8024
26.673
34.5083
23.9753
22.4921
24.3111
23.3433
23.4863
19.9157
21.9395
24.2027
21.7321
22.8966
29.1384
25.8797
24.9365
22.2957
22.1952
23.2833
20.0425
23.5011
23.3333
23.596
33.7497
26.5963
23.6707
22.0762
23.1996
34.831
22.7904
24.142
23.8539
24.3859
32.7019
22.2318
22.6681
34.1997
21.6112
23.5553
22.3793
24.7823
22.2419
24.7587
22.8402
20.2018
33.0728
23.1372
23.4285
22.6592
23.8304
30.5858
24.5757
22.2283
27.7106
23.8362
22.6694
23.0646
27.9177
33.2602
24.2908
32.7547
23.109
29.92
24.3373
24.6831
24.2271
23.5929
37.3223
23.143
23.8545
20.4622
24.0471
24.0732
23.5805
24.0765
33.1976
22.0221
27.8919
33.7403
22.0108
24.0898
25.2057
24.6359
22.6898
22.9829
23.3247
22.4694
22.2971
21.8536
27.1721
22.7869
23.1505
22.7813
26.8683
33.5075
23.7349
25.6667
22.9818
24.4521
21.6753
23.9872
22.1441
20.876
23.611
31.7599
23.5069
23.1512
24.4446
25.184
27.6664
23.6245
22.7111
29.641
23.6089
23.7839
23.7882
24.1097
26.4896
22.616
20.5366
23.8953
22.0235
23.4416
24.4464
32.4185
24.407
32.2342
23.0005
24.9371
24.9883
23.6497
32.4992
23.3972
22.9642
25.9085
23.9415
22.3875
23.0866
26.0455
23.0314
22.9271
23.9003
33.9691
23.69
23.0458
23.3167
24.3586
30.3573
24.7023
33.6189
22.8042
21.9427
22.659
21.872
19.9975
32.4299
23.5121
26.4954
23.776
23.7707
23.4107
25.4834
22.6836
23.0499
20.6688
23.7665
23.0343
22.8139
26.996
22.6865
33.4441
23.0934
24.7614
22.4575
33.4355
20.971
22.9711
23.2889
23.0022
23.2321
29.7184
22.7726
23.2257
24.2339
31.7592
22.8068
21.7472
23.721
23.572
26.7041
24.6657
36.2037
23.4602
22.6941
24.9024
22.3084
24.0585
34.1569
21.6125
24.9464
23.9666
23.0715
24.0261
23.7628
32.9122
23.9931
23.4653
23.7306
23.9963
21.9412
32.792
23.9474
23.8267
24.2804
34.0328
22.8453
35.0098
24.1004
23.0656
22.3725
24.4159
24.8308
23.5733
33.0351
22.9897
25.235
24.5565
22.5352
23.7626
20.5523
24.1894
25.7262
20.6116
22.9536
22.7966
21.862
23.5068
24.5113
31.9328
22.3738
37.7423
22.6105
23.822
26.424
22.9161
24.275
33.3638
24.6206
34.2293
23.4295
23.0034
22.9996
20.8818
31.1996
24.6225
24.5207
23.4104
23.6947
26.5376
22.8662
23.6799
32.0921
23.6302
26.9482
23.382
24.8786
23.3015
24.2212
20.5114
34.587
27.0938
26.7215
23.9033
21.7338
22.6872
24.3909
24.0315
23.6149
23.7053
25.5302
24.0041
22.3561
29.5965
25.0655
30.6006
22.7142
30.2779
23.5434
23.4791
22.4006
22.1877
22.6184
22.874
31.3081
24.2921
22.6748
23.6166
34.1204
22.1519
25.9702
23.6461
23.7056
31.2737
23.5547
32.6555
23.2505
29.3326
23.2589
20.8444
25.3742
24.2329
22.998
26.9885
23.6727
34.0417
25.587
25.408
31.0964
24.562
37.0381
24.8267
24.1328
21.8229
24.8853
22.877
30.2218
24.5718
31.3397
20.7399
23.6386
23.4941
32.9972
34.1815
23.5381
22.4772
23.4926
23.186
26.527
23.7733
23.4114
33.7058
27.6298
24.398
33.7761
25.7231
22.7051
28.5809
23.145
24.1852
26.6469
32.8631
24.6432
23.6461
24.9497
25.2586
21.3253
23.3521
22.4907
22.2309
23.3692
24.835
22.2686
30.9729
22.403
24.444
24.8624
26.1062
22.5016
25.1751
24.53
22.9895
23.9389
22.9428
32.7759
21.0777
23.9811
23.5666
22.3175
22.3885
23.2517
23.2757
22.9472
26.6021
22.5029
32.4808
22.6125
32.0406
27.2167
21.5686
23.8243
23.2192
22.8803
23.5473
23.2404
23.5699
24.4497
23.4062
23.6303
24.7382
32.3742
20.83
21.9566
26.255
22.9106
24.5085
26.5169
26.2195
23.5091
23.5768
23.3771
23.7375
24.7801
23.2566
23.8469
23.3002
23.5714
21.0006
33.3086
23.9244
24.5407
22.7705
23.0788
22.3124
24.4714
21.7685
25.1423
22.1471
33.3295
22.822
32.6381
22.6369
23.6418
27.9981
24.8772
30.8578
25.1945
33.0715
23.9692
24.94
23.7621
34.1757
23.0148
33.549
23.8336
23.583
23.7839
20.9323
23.7041
25.7122
22.4284
22.4062
23.3809
22.6853
21.5116
32.7687
21.5469
24.3173
33.4829
24.5998
23.7429
23.1143
27.264
23.5893
27.1704
23.6143
28.6699
23.9243
24.4794
20.2547
21.7524
32.8819
23.5267
27.3763
23.8432
22.2293
22.7983
30.6355
23.7341
23.8718
26.2657
24.5244
21.9677
24.8559
23.0741
23.7468
22.7229
23.7088
23.4457
33.1218
21.8328
24.3564
22.6847
23.566
23.955
24.1261
20.1991
24.1796
21.9774
23.2744
21.9483
30.3576
23.3477
32.053
24.061
23.536
23.5004
26.0256
22.3094
22.8877
25.0969
23.2871
23.8182
26.5355
21.5882
23.3843
24.8108
22.8887
24.6435
26.2683
22.8688
33.0075
23.4849
30.5565
24.4736
24.531
23.51
20.2896
27.6485
24.1245
24.1289
33.3937
28.0347
24.34
27.4111
23.4199
22.7557
23.6873
22.9717
27.0507
31.4976
23.4665
24.6628
22.1969
28.3846
23.2415
33.8402
20.387
23.967
31.7221
24.1389
25.4105
34.1491
24.8804
35.3886
20.7295
24.0818
26.5261
22.1607
31.0689
24.4855
23.8309
33.1611
23.1254
24.9449
23.2563
23.1334
32.5928
21.4827
32.2778
22.5
35.5545
22.854
24.6889
24.2597
32.7005
21.1263
22.8194
34.0203
21.8545
23.1997
25.7865
22.7239
32.9132
22.4924
22.4837
26.5279
25.1344
23.7274
28.7889
25.2718
24.4716
21.7608
29.1354
22.9534
22.73
22.4697
20.9181
