70.8357
12.9556
10.6608
11.6506
10.0015
10.3773
10.58
13.492
18.1099
16.5652
16.7238
16.5952
16.8649
16.8037
16.5045
17.4334
15.9745
17.5968
15.6507
16.8618
16.2967
17.1017
15.9906
17.5459
15.8434
23.8967
16.6504
16.3186
11.1949
15.706
18.0477
14.8299
17.6457
15.8621
16.9355
16.5939
16.9421
16.4547
16.9599
18.0553
15.2643
18.88
14.8532
17.0169
15.547
17.9474
15.9445
17.5038
16.3163
16.2291
17.1006
15.6024
17.9094
15.8839
16.9176
17.4198
16.6396
16.1085
16.4209
16.7713
17.8665
15.3167
16.8721
19.0364
15.1282
17.3072
16.2362
15.5209
17.3472
16.295
17.4825
16.2894
17.0314
22.4786
17.3451
16.2705
10.3014
15.5132
17.5085
16.5504
16.3101
17.2488
16.4357
17.5782
16.0842
17.5198
16.4718
17.5896
16.0791
18.0285
15.9515
15.9901
17.6363
14.9266
16.9139
16.0058
17.5736
15.3677
17.9636
15.4941
17.7172
21.8703
10.7058
16.6776
17.7017
16.1386
17.1327
16.7394
15.8179
17.481
15.7922
18.138
15.4236
16.6963
17.6543
16.0907
16.8652
16.9668
16.2626
16.6284
17.627
16.3021
17.7327
15.5839
16.8152
16.6947
16.093
16.6823
17.1175
16.9294
17.3385
16.1026
16.9124
15.7858
16.938
16.4687
17.2647
15.9225
18.1655
15.1219
17.0638
16.8499
16.9389
16.408
15.8935
16.3814
17.7196
16.7732
16.7304
23.9129
16.7084
10.916
13.8447
17.9535
16.8044
17.0249
16.4074
16.1705
16.7933
16.7745
17.1237
16.1585
16.4601
16.0375
17.1954
17.0015
16.8209
16.8885
16.6913
23.4585
15.3727
11.4056
17.4027
16.3133
15.4216
17.277
16.035
18.0988
16.7485
15.7706
17.4058
16.3867
22.6063
16.1769
11.2185
16.4076
16.3361
16.2043
17.7716
16.3147
16.643
17.3378
16.2252
17.1966
16.9387
16.616
16.1104
16.9002
17.1093
16.1365
17.593
16.0761
16.8825
16.1113
17.1534
16.2855
17.0563
16.2344
17.2439
19.7306
14.6702
20.911
11.0791
21.5207
10.8163
17.9987
15.5684
16.8191
16.5163
16.8062
17.2125
16.4006
17.5291
15.7475
17.4518
16.763
16.901
21.5624
11.6467
20.9394
12.3537
17.3226
15.7016
17.6011
15.8012
24.3006
16.8472
15.7499
10.183
15.7389
16.7399
17.1209
16.8662
17.4939
23.0503
15.436
17.2541
16.2845
16.5422
12.8897
14.2878
16.5961
16.6637
17.8858
15.4296
18.8694
15.2818
16.7156
16.1302
17.3609
16.2796
16.9828
16.6096
16.1324
17.6442
16.1571
17.1332
15.9231
17.2821
16.7637
16.74
15.9493
16.9732
15.9495
16.8564
17.068
23.4984
16.3386
10.4485
15.3878
17.5888
16.8684
21.1515
12.9713
21.1336
12.2843
16.6766
16.311
17.4817
15.5606
18.1062
16.0087
16.525
15.5262
17.1694
18.6235
15.4709
16.8177
19.1416
14.1943
14.8583
18.2005
16.1337
18.538
15.5549
17.4729
16.6388
16.6657
17.4109
14.9967
17.1406
16.4088
16.8593
17.1379
16.7867
16.785
16.5499
15.7712
17.1785
16.4664
16.1813
17.4314
16.2932
17.4263
14.8041
18.0821
17.0002
16.3058
17.2632
16.8568
17.3587
14.2259
18.3003
15.8435
17.1385
15.9122
17.2964
16.9138
16.4794
17.9559
15.8953
16.5336
16.3812
16.946
17.0216
15.6715
17.1585
16.2629
23.3411
11.1147
16.5498
16.1593
17.1702
15.623
17.1218
16.3396
16.8881
16.8195
16.2158
17.2383
16.3005
17.0925
16.0157
17.6943
17.4966
15.6831
15.8575
17.5874
16.1416
16.5555
16.9399
16.3725
17.4373
16.4208
16.3222
16.5705
16.7868
16.9834
16.834
16.5825
16.6418
17.0786
17.155
15.742
16.8337
16.7416
16.304
17.3681
16.2143
16.8254
18.0769
14.8544
17.2502
17.1648
16.6965
15.2812
17.2049
16.0811
16.7614
16.6427
17.043
16.5133
17.4141
16.3815
16.9848
17.1152
16.0159
16.8779
16.0875
17.1203
16.7767
16.5706
17.0895
16.1094
17.4856
15.6755
20.0163
15.0007
16.8268
15.9228
17.7757
15.0583
16.6953
16.8586
17.4555
16.1953
23.1722
10.6688
21.3245
11.4132
16.5113
17.704
15.5287
17.5171
16.0773
16.0435
17.337
16.3534
17.6767
15.4113
17.6575
15.6804
16.902
17.3016
16.1521
17.5493
15.7076
18.0184
15.6569
17.8872
15.8581
17.8136
15.6463
22.2803
15.9574
11.2582
17.2427
15.7355
18.2159
15.9185
18.0215
15.1466
17.014
15.6406
17.0129
16.3722
17.267
17.2117
15.8213
17.564
15.9525
17.4169
16.1357
17.3676
15.4092
17.8825
15.9496
17.2529
22.4184
10.0202
17.9423
15.4056
17.5606
21.9696
10.9359
16.4346
17.1787
17.6143
15.1679
23.286
15.9115
11.8748
16.4495
17.0629
15.5793
17.519
15.9771
17.2672
16.5399
16.725
17.0666
15.9407
18.1673
15.1127
17.4065
15.9499
17.6842
15.8736
17.6994
16.3109
16.1599
17.2471
15.6714
18.2338
15.5308
17.2284
16.4565
16.5318
17.7747
16.3032
16.269
16.5372
17.3154
15.8977
17.3004
15.9025
17.2043
16.0179
17.7207
15.9074
17.0838
16.6802
16.0992
17.24
16.6422
17.7227
22.7373
11.0438
16.458
15.6336
16.7908
16.4164
16.8823
16.4758
18.0403
16.1089
17.7789
15.4816
17.8264
15.4345
16.9115
16.3037
15.9376
16.6737
17.277
16.8956
16.3829
17.0139
15.5735
17.0691
16.6471
17.582
16.4324
16.7114
16.801
16.6226
16.7648
16.3172
19.5264
14.9151
16.508
16.3353
16.462
18.2494
14.9517
16.7707
16.3587
17.8641
15.2646
17.1638
16.998
16.0696
18.2699
15.3477
17.7849
14.8365
17.2134
16.2268
17.4967
16.0041
18.3423
15.7024
18.1111
15.5307
16.2539
16.9313
16.9353
16.8769
17.8377
15.5806
16.0081
17.0158
16.4186
16.8767
16.7396
16.1737
16.7651
17.0809
16.9813
16.163
17.6573
15.7217
17.9115
15.5514
17.1082
17.4701
16.0683
16.6416
15.5966
17.5008
16.3868
16.8543
16.753
16.4495
23.2374
15.8965
10.8833
16.2545
19.8878
14.0643
17.5676
15.7625
17.0503
15.8171
17.2656
16.1455
16.6211
16.8153
17.3283
16.468
17.1003
16.9006
15.7669
17.2208
16.7146
17.6299
15.4587
16.6613
17.8869
15.7898
17.5933
17.1295
18.0431
15.9302
16.6117
14.8683
17.0644
16.0663
17.0627
15.8171
17.9086
16.4674
15.7589
17.5712
16.3755
16.889
15.6221
17.2215
15.9941
17.3882
18.6341
14.9877
17.0936
16.1817
17.3937
15.806
17.7007
15.5688
18.16
15.3935
16.4729
18.1545
15.244
17.8884
15.3856
23.1723
16.5594
10.8987
17.19
17.2342
15.5718
16.8529
16.4263
16.5588
16.9457
16.5582
16.6245
16.1144
17.6416
16.1861
17.1356
16.6363
16.7779
16.9933
16.541
16.5042
16.6566
17.2472
16.2337
16.5743
16.4183
17.1084
16.2079
16.6437
17.5657
16.1324
18.4071
18.6705
13.7887
17.7577
15.4039
16.0883
16.9146
16.3008
16.7972
17.4474
15.5346
17.655
16.015
17.3034
15.832
23.5172
16.1206
15.6395
15.6416
11.0218
17.9391
17.43
16.9285
16.383
16.739
15.7749
17.2759
16.7792
16.7272
16.6971
16.5735
17.457
16.9548
16.2346
23.6497
16.4309
15.9526
15.7122
12.9097
14.3856
18.5119
21.3265
11.3249
16.0007
16.6972
16.1882
60.8369
26.8929
11.6588
16.4875
11.1986
16.5431
11.427
12.9299
11.9427
13.1392
16.6608
15.8795
