119.84
14.8625
13.8181
14.5464
13.2893
17.0541
14.5266
15.3853
15.8035
13.4927
22.1064
13.2496
14.188
13.6933
22.0727
13.0328
16.0193
12.4022
14.0439
13.1684
16.5519
13.2986
20.518
12.3537
12.9736
13.2904
14.5332
13.0492
14.1707
19.307
13.8814
18.743
13.1263
13.8139
12.5338
12.476
11.679
12.1893
12.235
17.4459
12.3382
19.306
20.0176
19.6531
14.6975
13.115
12.2441
12.714
27.487
12.8033
12.1821
14.9851
17.6615
16.7819
18.9707
13.2468
19.1954
13.9912
25.0974
15.5086
15.3351
14.182
20.7969
18.1386
18.2538
18.2223
17.8932
18.3306
18.0159
17.877
12.2882
12.7427
11.9536
13.818
15.5605
20.4947
13.8266
17.0416
15.3119
19.8152
14.4813
17.1496
15.6119
19.02
14.1475
18.6394
15.4558
19.3709
21.3388
16.9195
12.0116
15.7684
14.4773
17.1816
15.179
19.5899
20.8425
11.5274
22.2142
18.2568
18.3704
18.1784
12.6365
11.7603
15.1904
18.3325
14.1878
17.9804
15.445
18.6392
15.1624
18.8921
14.0151
20.8792
14.6143
22.1805
18.386
12.6969
12.0961
16.8388
17.4178
15.3369
26.0443
20.8954
19.0092
16.1613
20.3334
20.9658
17.3298
14.3479
11.7391
13.1781
12.0894
11.8061
12.1372
17.4588
18.5789
14.6564
18.5801
20.6291
18.3808
13.1939
13.0899
15.6598
19.3035
14.8568
18.2234
14.6903
20.4237
13.0518
20.1636
12.8812
19.1974
13.6102
19.6764
14.3787
17.8715
17.0488
21.3483
21.3007
13.9764
13.8109
14.2434
14.4567
19.295
20.2997
18.5035
16.6958
13.3481
11.5985
26.5325
22.0583
17.5179
15.8245
15.473
15.0646
13.3748
13.5316
12.7279
16.6202
14.5867
19.371
13.5555
19.562
13.6177
17.35
16.14
16.9755
17.3258
18.091
15.7307
25.5282
21.7262
15.7921
15.1603
14.4474
14.2637
15.6198
13.6735
19.6623
17.7615
18.2755
18.3153
12.1163
12.1814
17.4761
13.6597
18.7178
16.0246
16.6625
17.5705
15.8001
16.8401
16.0328
17.0794
17.559
16.0038
16.4746
17.4073
25.8667
20.5456
20.8949
15.147
13.1751
13.5901
13.375
19.854
20.88
21.0107
13.6604
15.2145
15.3844
15.8379
13.8963
14.0972
15.8867
15.2726
12.7279
19.021
13.3334
18.9909
14.3192
19.8869
13.6042
17.1626
17.4161
25.1681
18.7656
15.5768
14.0903
14.1336
12.226
25.1355
21.3665
21.4721
21.743
12.2585
13.9291
12.7707
12.6753
11.9442
14.6708
15.9485
19.1485
13.3437
19.7688
13.2258
17.4578
15.9456
19.5075
14.0932
18.5378
14.607
20.7235
13.2714
24.6924
12.3963
12.6607
17.3306
16.332
17.8781
15.2651
27.3894
21.8181
20.8561
14.3782
14.4467
13.9836
13.9688
14.1103
13.5476
14.0192
17.3763
14.7599
16.1782
18.8468
24.5524
20.3574
13.3023
14.1661
15.4495
14.032
13.6241
20.8493
13.462
16.5251
15.7899
19.2047
13.661
19.567
13.5325
18.8897
17.1553
15.8581
18.1405
15.6462
16.0801
15.6539
26.8463
14.2844
14.2436
13.7993
14.7755
17.3336
15.648
16.8486
16.3706
19.2292
14.9291
16.6894
15.3368
19.709
13.6064
20.8928
12.7717
18.5455
14.5196
25.229
12.4515
13.5222
17.7483
14.6645
19.2845
14.4109
18.4018
16.5328
21.8495
18.9394
18.2119
13.6093
12.0538
17.7362
20.2386
18.1353
16.9994
13.0886
12.0623
24.3807
20.8162
15.3322
14.7249
19.6728
20.1017
14.6503
13.6225
13.7734
13.8139
11.7736
19.6268
15.2254
16.581
15.3346
18.7912
15.2223
17.9774
15.1507
18.1246
16.1828
18.1575
15.0236
17.5816
15.1894
19.7021
13.4256
17.7675
15.0841
19.4377
13.6692
17.8165
15.9611
17.3224
16.6886
18.4302
15.7853
16.5347
15.9316
17.8245
15.3061
16.1878
16.9816
18.9652
14.5808
18.6614
14.8645
19.0255
13.8406
19.3841
13.839
18.98
14.29
24.6553
11.974
14.0456
16.4894
16.9844
20.0731
14.1006
19.5615
12.7976
27.3052
18.4707
13.4623
15.1116
13.334
13.5983
23.9319
20.8293
20.6764
20.8522
21.6068
12.8691
13.4689
11.9398
12.9485
11.8645
12.473
15.2542
27.1681
21.6801
17.9918
14.9222
14.1934
14.9167
13.9202
14.9328
13.3116
14.6312
18.1274
18.7794
13.4256
17.6617
15.5112
17.1172
15.5465
18.2511
16.6298
17.3441
15.4626
18.1097
14.5875
18.6314
15.0841
16.5574
16.5964
18.6814
15.0154
18.8282
14.0508
19.5374
13.5308
20.1883
16.0649
21.3245
13.5735
15.507
14.175
20.412
13.3489
18.6941
21.2838
18.0435
18.7842
18.6433
17.7331
18.6315
11.7835
13.2586
11.4955
15.7046
15.5117
19.4946
13.6532
20.1811
13.2381
20.5667
13.2816
17.5858
15.2995
17.7377
16.2856
16.4007
17.7629
15.6474
16.9056
17.0818
16.5755
18.8962
14.6336
18.1688
14.9469
19.1858
13.5172
19.3451
21.1174
19.9296
18.8939
12.4181
18.8495
11.7685
19.9035
20.0754
13.9468
13.7568
14.2419
12.7463
20.0763
13.1748
25.6522
12.1171
13.1483
16.6532
16.6546
18.8026
13.8829
20.1664
13.1039
20.9735
21.1741
18.6501
11.9722
11.6975
16.9865
16.4573
20.1705
12.5577
18.5949
14.6148
19.866
13.4045
19.5133
13.7915
20.1411
13.8142
17.024
16.6012
21.9532
14.312
12.9207
20.2982
13.867
17.9105
15.8365
20.1591
13.7427
18.4578
14.3157
17.9197
15.0922
27.6835
20.4692
20.7619
21.3634
11.9154
12.6347
12.084
12.4051
11.7828
16.1252
16.7407
24.0995
15.3066
13.6234
14.4096
21.6779
13.9561
14.0108
16.7277
16.1602
17.2393
16.7815
17.433
16.3699
18.5172
15.6743
16.486
15.3513
19.0063
16.4534
17.4105
13.1964
19.2767
14.4567
18.7864
13.578
19.3501
14.4222
17.9736
16.7449
16.9801
15.1793
18.7033
17.6192
14.36
20.5186
12.2926
19.7309
13.2216
18.9029
14.8841
19.2946
21.0568
18.7217
17.7867
18.5839
18.0325
18.9349
11.7334
12.0101
11.3604
18.8394
14.0418
20.1807
12.9928
19.4969
15.0754
19.3758
13.6983
26.1016
19.2156
21.4278
15.6278
14.1712
13.9575
14.2966
14.0071
14.386
13.2343
18.2549
15.2304
18.5855
14.4968
18.1572
15.3552
26.1231
15.403
13.7236
21.0992
14.8992
15.4618
14.1996
16.8519
14.7132
14.7884
18.5874
14.4888
18.9311
14.779
20.7854
12.7393
18.2765
15.8727
18.8694
12.8723
26.7693
14.1636
14.1194
13.0376
20.199
13.4888
24.708
21.1665
19.8507
16.4944
13.7572
12.777
13.5763
12.7655
13.6205
27.2
22.2817
19.6758
15.7191
29.9293
13.5074
13.6775
13.5972
13.0634
12.0797
11.7942
12.2185
14.1404
14.6411
27.6121
15.0636
14.4565
14.4849
13.7606
17.3664
14.8
25.8397
19.8139
13.4245
12.7144
14.0959
13.4146
19.321
14.2743
19.5714
14.8708
19.3153
13.4159
18.9545
14.0557
26.8816
15.9067
14.1099
14.8897
13.2012
18.6188
12.952
19.2233
14.3837
19.4328
14.688
17.8713
15.1873
18.0641
15.1691
19.276
21.693
19.2934
17.8966
12.3119
11.7014
16.1371
14.9372
21.214
13.1738
18.683
14.1275
21.2141
12.8723
19.5982
12.5501
20.5577
13.437
17.7957
15.8696
18.0761
14.7641
17.8324
15.8964
18.1811
14.7485
25.5105
20.4174
20.5998
21.0654
20.5994
13.1678
12.5863
13.3328
12.1998
12.8408
12.4022
17.4426
15.726
19.8314
12.8604
18.7312
14.2349
19.0718
14.3509
26.5618
21.2565
20.5124
14.7786
14.5998
16.8218
13.8408
14.1502
13.5165
14.5384
13.178
19.044
14.2709
26.4998
19.2215
13.5229
14.724
13.5377
13.5889
17.8376
15.3779
17.861
15.5506
17.5259
15.1602
18.9747
14.896
19.2813
14.1476
19.067
19.9311
12.0266
14.9552
17.3639
16.4487
16.3864
19.3522
13.734
19.1712
15.3373
18.0081
14.867
26.0013
20.5221
12.8456
13.4962
12.5903
15.0998
19.7517
12.9403
16.4748
17.5194
17.5454
15.899
19.9478
12.7708
18.2703
15.0627
18.964
14.6814
19.4574
13.4034
19.2034
14.4651
19.0643
14.4906
17.4221
15.5064
18.9541
14.5347
17.1661
16.1914
18.9206
15.5941
19.0951
14.5107
18.298
15.64
19.1798
14.071
17.306
15.3993
19.9864
19.4012
18.9043
18.484
18.6447
13.2942
11.9809
14.0892
15.9018
19.2163
13.0187
20.5559
12.4002
24.3189
18.3283
18.8387
18.8113
18.4077
18.9105
12.6584
12.7576
12.9005
13.294
14.6085
18.5609
14.8172
20.2641
12.98
17.5956
15.6173
18.9098
14.5752
20.3992
15.3226
19.6907
18.9365
18.325
16.4002
11.797
12.8368
17.1435
17.2729
24.9431
14.5171
13.9365
12.061
19.3511
21.4689
18.0303
18.488
12.1757
12.4168
17.9836
15.4312
15.7713
16.9169
16.3396
17.1766
23.3308
14.2775
12.2016
16.4804
19.1349
14.5427
16.792
15.883
27.313
20.8082
19.6289
20.2047
13.4194
14.2738
14.3575
14.0979
13.1788
14.8098
17.9368
19.3396
12.8224
12.6945
17.6766
16.128
18.5489
13.8473
19.5549
13.7392
19.4128
14.8524
17.9733
15.6819
18.1041
15.3836
15.5023
17.1656
24.6719
20.9818
20.6284
18.9188
15.725
13.6977
14.1027
13.8314
14.8892
13.952
14.2501
13.7273
19.5902
13.4301
18.7315
14.4888
21.7077
13.3847
17.7966
14.4026
20.5586
14.8381
15.2265
16.9958
18.4573
14.9056
15.8965
17.62
18.9896
13.8032
16.8597
16.2379
21.2718
12.2027
17.724
16.9894
16.5434
15.2539
18.4684
14.892
18.802
15.0672
17.8684
14.7334
18.8218
16.8102
15.342
17.093
17.2857
16.9413
15.8901
17.1681
16.6945
16.1698
18.097
14.7169
17.6385
15.647
19.6138
14.3229
19.7442
12.1474
25.4524
15.2915
11.6403
22.1225
17.7188
18.5278
12.1405
12.7094
16.997
15.1163
18.1169
14.7435
19.0213
15.1922
18.8129
14.0684
18.7344
15.5194
17.4616
15.51
17.6801
15.709
18.196
15.2539
16.8883
16.6622
15.8871
18.0732
15.7668
17.709
25.8885
20.7381
22.0527
14.034
14.4606
32.0004
12.2499
14.2209
12.5149
13.0057
11.9234
11.5909
17.5562
18.5273
12.3073
19.9578
19.4439
13.04
12.5192
16.1968
15.5034
17.0148
18.5361
13.8016
18.3106
15.8687
24.6092
12.8228
12.0595
18.5147
14.9309
18.4857
14.4836
20.4678
14.0511
16.3631
16.0604
19.1573
15.4768
19.8869
12.3861
18.1301
14.524
18.4929
15.0205
18.4912
15.1562
17.9837
15.5271
17.304
17.0168
17.397
15.8248
16.8163
16.2917
17.6596
17.161
16.0795
15.8009
20.3228
12.3364
24.2946
18.0529
12.8409
11.7226
17.2138
16.1652
16.5471
18.5044
15.9273
18.5309
14.2472
18.5489
14.6471
17.9539
15.3024
18.3654
15.43
17.7178
14.9146
17.2562
17.5845
23.3668
13.6116
11.8947
19.1105
16.3182
16.7114
14.9952
16.2587
16.1236
26.2513
24.1668
21.6309
21.0358
12.2757
12.5572
11.9511
11.4089
12.2713
15.0295
16.1945
17.0364
16.9776
16.2385
16.6638
17.0638
16.3288
19.6099
15.1709
15.6453
16.0287
20.2865
12.5207
18.7197
14.4538
20.9828
13.408
17.3428
16.0414
23.6379
15.5827
12.1523
15.0395
18.5143
15.2884
18.8949
14.363
26.3939
20.6385
20.9032
22.834
13.7181
13.2165
12.9593
12.0165
12.72
11.606
25.4537
13.5808
13.771
13.4132
17.5487
15.5331
19.2857
14.0705
16.8823
19.0117
15.9643
15.9374
19.2092
14.1787
24.031
17.5624
12.7516
12.054
16.868
18.5444
16.0864
14.5004
17.1499
19.358
14.9222
23.7711
17.9912
18.8638
15.9242
12.8725
17.6978
18.0558
18.2696
12.6161
12.4168
14.9792
25.2478
18.9877
15.3814
13.7653
14.1728
20.4727
20.6927
21.9076
14.4369
14.7277
13.8566
19.8628
19.9031
13.9017
13.6959
14.6131
13.7027
14.3364
13.8507
18.4993
13.3992
18.1522
15.3733
17.836
16.5353
23.9987
15.0767
14.4564
19.0429
17.8531
17.6111
11.4494
13.7012
16.1625
20.4713
12.1662
20.4521
20.5255
18.3462
18.6186
19.2796
12.1127
11.496
15.3939
14.3494
18.6512
15.2515
18.5357
14.6711
19.2195
14.4248
16.0608
16.763
20.0837
14.2283
16.6129
16.6613
19.2833
14.7792
18.4684
14.0718
18.3405
14.8021
19.699
13.8971
17.9164
15.4663
19.77
14.3167
17.1406
15.8444
17.0524
17.6886
15.5476
15.8497
17.5238
15.9081
16.8573
17.5778
17.7797
16.4577
22.3065
19.0481
15.9356
14.4151
15.3605
12.2298
16.828
14.9342
17.7529
16.7148
16.9316
16.1414
25.2416
21.6043
18.2834
14.7314
15.7723
14.3207
14.4739
14.4655
13.6696
15.6213
17.1959
15.2619
18.1134
14.4031
18.104
15.5329
18.1416
14.882
19.6013
13.9177
18.0742
16.0073
26.024
15.7108
14.9544
20.6222
16.0319
13.8659
14.0879
13.5495
14.5083
17.6651
15.8963
17.7137
15.8582
19.9925
13.7388
17.6247
15.9807
16.5702
23.6726
18.2806
11.7764
20.0405
17.6982
12.9147
15.1523
15.0152
24.5688
20.4803
20.9109
21.7905
12.3763
11.8669
13.0659
13.0111
12.1176
15.962
16.036
24.4656
19.8792
14.8833
14.1196
14.099
12.4564
19.6056
13.4534
19.4615
13.9553
19.9935
13.1604
19.4068
13.6162
19.5622
14.1416
19.5424
14.2781
16.6843
17.3763
15.924
27.1506
21.5055
20.5823
21.1994
15.3865
11.5351
12.5429
12.9186
12.533
14.4865
13.6955
17.9004
15.2832
19.3949
13.9219
20.2186
13.2774
18.7249
14.9392
19.2762
20.2296
18.6142
17.92
13.7612
12.0058
17.9372
13.8097
18.8668
14.0956
20.3634
13.2473
28.7446
13.6023
12.9152
12.7727
18.4467
17.3848
13.2652
20.0869
13.468
16.9646
16.0325
21.6442
14.546
13.7992
18.0717
16.6557
20.7108
12.3516
17.9984
14.7075
24.3724
19.6102
18.2883
12.6571
12.3674
20.4185
18.1489
12.589
11.1969
18.8173
14.7571
20.044
13.1556
19.0582
13.9203
19.0994
14.6065
19.4418
13.9135
19.6327
14.8907
16.4518
19.139
13.1593
20.6557
13.514
18.4164
14.7141
27.1415
21.5773
18.2526
13.7949
14.1239
13.6141
13.3152
13.8704
15.1911
19.3274
14.4067
25.0193
19.4959
13.1053
13.7501
12.9982
15.4152
18.4179
14.6433
18.4452
23.4045
21.3304
21.3274
20.8618
12.5797
12.3912
13.5364
12.0596
11.5252
17.3726
15.3966
19.0933
14.1545
25.5611
14.0839
14.3928
20.6162
18.9804
17.9565
18.2126
18.3634
18.3267
11.947
12.4317
11.847
15.9172
17.5552
14.1454
19.413
20.7489
19.419
11.8916
12.6513
16.1948
16.8158
17.0392
17.1814
23.7288
18.4098
20.0844
18.2546
19.0575
11.8941
12.193
11.9109
14.1466
16.0742
17.7796
25.727
19.2606
19.7268
14.5248
18.9932
14.3024
14.807
14.5557
15.3343
14.7602
14.699
12.9758
20.1594
13.8201
18.056
17.1464
16.4891
19.8134
19.1529
20.5919
20.8539
20.9169
21.0277
16.0257
12.0633
13.4632
12.4533
11.6316
12.8501
14.2733
23.734
17.7378
17.6693
12.0345
12.3882
17.8385
14.7392
19.3623
13.9908
19.0113
14.02
17.6954
16.0401
18.2634
15.1904
20.4689
12.6915
27.5045
18.4767
16.1958
21.273
21.16
13.8157
15.0688
14.1208
14.6069
13.7981
15.2367
13.8511
20.6753
20.5341
20.7424
24.3747
12.6053
34.0233
15.0561
20.7259
13.5423
12.7444
18.6157
14.0587
17.9647
13.5452
13.5762
12.642
14.0482
12.2412
13.3903
17.7833
19.1481
11.7886
12.5976
11.5839
15.2438
16.0489
18.9671
18.8073
13.3673
17.8092
15.1955
19.0446
13.1919
18.2478
14.8647
19.8519
20.6221
18.3706
13.2596
12.5689
23.1632
17.8404
12.4063
12.7854
21.0548
12.7198
16.8225
25.6509
14.2935
13.62
13.0478
18.8637
14.4556
21.6501
16.2081
13.5376
17.7039
15.2017
18.4456
20.9201
18.3724
11.6515
12.6785
16.8364
19.7122
14.6076
17.2601
15.0134
20.404
13.4191
16.8411
18.3557
17.2324
13.9187
19.1973
14.9134
26.1976
22.5075
17.0543
13.8018
14.6858
13.8237
14.1654
13.7254
14.8424
20.1616
15.0567
16.2753
16.4736
16.0203
16.7043
17.9882
15.7892
18.7803
14.2361
18.3876
13.4109
18.0055
14.9428
20.5368
13.7751
18.4625
14.558
20.8334
13.5729
18.3102
20.553
17.7548
19.1212
17.8776
15.2865
11.4325
14.186
14.6541
19.5389
12.9753
20.4235
13.6017
19.2962
13.4809
18.9949
15.5539
18.4344
14.5065
18.2695
15.5931
17.852
15.4626
18.3792
15.1073
19.3835
13.7921
17.7473
14.8417
19.1154
14.5214
19.5076
21.174
18.5235
18.6199
18.3134
18.6051
18.7633
18.1733
12.7406
17.814
20.9925
17.6331
12.1883
17.8535
18.2347
11.6936
12.2397
11.7537
13.1303
15.5323
21.418
12.5693
17.8862
15.2801
17.8142
15.4235
17.237
16.8857
15.9931
17.5772
15.7806
17.2363
16.8302
17.5503
14.9754
17.5696
17.6352
15.3155
18.9097
14.3863
18.7486
14.0183
16.8113
17.1148
20.7525
20.5316
18.0445
16.889
12.4948
20.0782
18.4768
18.4389
18.7608
12.4595
12.3539
11.7665
15.471
20.2788
14.5151
17.0092
16.4671
16.1907
17.3392
17.3575
14.8213
18.9336
21.717
11.9835
19.9656
18.5564
18.1571
12.8885
11.6351
