54.3807
14.7891
15.3009
12.3259
12.0735
12.1179
14.1045
17.103
17.2989
16.1886
16.2195
17.6083
22.4555
18.7055
19.5474
19.2798
18.561
18.5721
35.7322
11.9786
11.5513
13.7118
14.4623
14.3205
12.5645
14.4271
14.6357
14.8649
14.7914
14.379
12.4872
14.883
17.6973
16.4857
16.4759
17.4708
14.7735
20.2697
13.3192
18.3779
15.0406
18.6053
15.5288
17.6902
15.772
17.7808
16.9305
19.9054
13.4013
15.8921
16.38
16.7196
17.5594
18.9491
15.7073
15.4549
16.9583
17.2258
15.3355
19.3441
13.9259
16.5159
16.3645
17.2854
17.9165
15.1247
25.1528
12.7543
12.0779
16.3502
17.872
16.0633
16.6102
16.7733
16.9175
18.1741
14.6296
17.1113
23.2804
12.3782
13.5826
17.6698
16.2793
16.3169
18.0244
16.2627
17.1629
24.2943
18.9377
18.8672
19.3292
12.9501
12.9613
13.9436
14.7915
16.3058
13.302
16.9407
17.5061
16.2375
16.63
24.396
14.7025
13.6063
13.7385
19.2413
14.9989
17.3894
16.7458
15.8622
17.5141
16.0085
18.5191
16.7453
15.0628
16.7315
15.8119
16.0309
17.206
17.3479
15.7906
18.0383
15.0906
17.4924
15.887
18.3934
15.7469
17.6889
17.8283
16.3112
17.5917
16.0441
17.2336
16.3248
16.7227
14.4104
17.6662
15.8817
18.6896
16.2622
15.1755
20.1557
13.2768
17.4092
22.7644
13.5493
12.1041
19.6371
14.5606
17.0753
16.4313
22.5878
18.9963
12.5677
13.2475
14.1983
18.1181
16.0752
17.2969
16.0689
16.5259
17.4181
16.0623
17.8825
15.8364
18.6041
15.8857
16.1826
16.0927
18.7345
16.0785
17.6616
16.1255
16.1374
17.4864
16.623
17.0792
16.0403
16.6189
17.6744
14.8709
17.019
15.7126
24.8058
15.9844
13.0777
12.6438
18.313
16.0283
17.5184
15.7786
16.6495
17.4617
16.0862
16.8057
16.9053
17.4174
14.9748
17.4759
16.1349
16.9184
16.7374
16.659
17.5155
15.3204
16.7128
16.467
17.7555
16.188
17.2577
15.3675
24.1415
19.8475
19.0869
18.6636
19.1828
12.3311
12.9951
12.8841
12.1702
15.762
16.527
17.404
17.1792
15.9326
18.1838
14.7736
24.3338
20.1735
18.7041
19.3412
13.1501
13.4066
14.0069
12.322
14.5396
18.6209
15.6369
18.3343
15.7895
17.2361
14.8591
18.3386
18.0144
15.4839
17.3192
16.6021
15.4211
22.6227
19.4039
18.6227
13.3212
20.479
19.0909
19.5894
13.5602
14.3575
12.3362
13.3344
11.0035
18.9811
16.8001
16.2986
16.0204
18.3982
15.5408
16.4191
16.9464
15.9745
16.8713
15.8249
17.9362
16.0284
18.1266
16.4334
17.3723
15.9201
18.305
16.8099
16.1781
16.8696
14.9602
18.4225
15.9949
16.9066
18.6039
14.9569
18.2455
19.9461
12.8255
12.9654
18.1288
16.9364
19.0512
16.9856
13.2161
17.8885
16.2086
15.645
16.8931
16.7708
16.9836
23.1839
19.4689
13.5947
11.7343
17.0572
15.884
16.2317
16.9663
16.0281
17.3687
16.1932
20.1618
14.8824
16.518
14.7387
18.7463
16.8201
14.75
17.8095
15.6222
16.1705
17.9093
16.148
16.8319
16.5154
15.9847
17.8103
16.5406
16.3949
17.1757
16.0079
18.4907
15.9022
16.9339
15.7737
16.7336
17.2604
15.9905
17.2518
15.8505
18.1955
15.9279
17.9481
16.6734
21.6607
17.7846
11.8526
12.6483
24.8748
18.9124
18.4015
19.3837
12.4888
12.6745
12.887
14.5062
18.6909
15.603
16.3422
16.341
17.2981
15.8357
18.1651
15.9282
18.1773
15.6136
18.4727
15.3525
17.5602
15.5231
16.8804
16.6122
15.5401
16.749
16.4486
17.5519
15.9553
17.426
25.3332
20.1023
13.8525
13.6202
14.1422
10.8861
19.1892
15.576
17.5907
15.5733
17.8239
16.1253
17.3596
17.5317
16.0409
17.2419
16.4446
15.3446
16.2063
17.2388
16.1307
17.3662
16.5439
18.0189
15.2852
18.1958
16.1978
16.3539
18.7708
15.7722
16.4763
17.2032
17.7272
16.2025
18.3481
12.9779
15.5365
24.0118
18.0397
13.6066
12.7094
15.7556
16.8948
17.5109
15.7993
16.1332
17.6039
15.8025
17.0503
16.5257
17.6146
15.5046
18.727
17.3517
18.5635
16.0541
14.9867
16.3883
15.1427
17.375
15.6932
17.2513
15.9277
17.8365
15.6934
17.3228
18.0702
14.896
19.5858
13.4149
17.3454
16.4344
23.1247
19.5228
18.5949
18.5867
18.4191
14.2673
14.9112
14.4022
14.3911
13.427
12.2427
20.5446
14.4129
17.9856
15.405
18.0759
16.901
14.8346
16.8792
17.3162
16.6609
23.9538
13.0164
13.0679
16.9963
16.075
17.5302
16.7729
16.5271
16.6376
16.3739
17.0727
16.4533
16.5795
16.4621
17.045
17.1585
15.2314
18.0007
15.803
17.626
15.3531
17.3097
16.7473
24.0322
19.3294
17.8814
18.763
22.1962
18.5527
13.0045
11.8943
13.1903
13.0848
12.2087
14.9262
18.7504
17.9193
17.8391
13.6793
16.482
15.9732
17.1686
17.5963
18.2415
15.5452
17.5711
16.3833
16.375
16.1521
17.0029
16.7333
15.4201
18.2059
15.1826
17.614
16.0526
16.4137
16.0079
19.0712
17.6768
15.0608
17.3352
16.103
15.9971
16.6313
18.8324
15.1051
17.7809
16.2568
16.1101
17.7914
17.1773
15.6952
16.6449
16.8663
15.8327
17.4962
17.6051
16.0261
15.4695
17.3628
16.7885
15.5844
16.4993
16.521
16.5612
16.0739
17.4691
19.3985
13.9934
16.448
24.2337
17.3866
12.0001
12.8702
16.4351
18.8151
14.7953
17.5428
16.5408
16.1734
16.9569
16.2535
17.5277
16.5914
20.5792
12.1595
24.0653
19.5894
18.3572
19.5373
17.6606
13.5177
12.4134
19.2246
19.0212
12.0817
12.27
12.9895
15.4404
24.2182
13.9755
19.0191
17.8601
18.2823
18.0588
12.791
15.578
12.9307
14.9764
23.8539
11.8691
13.5189
17.8331
17.4367
15.9739
16.3004
17.0456
24.6381
19.7645
18.2675
18.9641
18.2182
19.5635
12.3843
13.2951
13.0928
13.6636
17.4451
12.1453
14.5192
17.4784
17.0629
17.6621
18.2134
15.5784
16.4046
15.7559
18.9015
14.3921
23.9371
12.7859
12.2153
17.3006
16.0977
17.6074
16.0028
17.3437
16.5563
24.2744
19.2366
20.1558
13.2442
12.6392
12.0153
14.1166
18.736
16.5739
17.3517
14.8462
18.1837
15.601
25.4977
19.6483
18.5831
18.5782
13.4893
15.6809
14.3089
16.1864
15.0157
19.3238
19.9568
12.5631
18.2782
18.2441
13.2526
12.3853
12.9959
16.0574
16.5753
16.4279
17.6126
15.8196
17.2971
16.6022
24.8755
19.8464
19.0418
19.0355
13.4697
16.3111
14.8956
15.5695
15.3319
15.7496
14.3955
17.911
18.7538
17.6623
13.9512
12.413
13.8697
16.8397
17.3168
16.0709
17.0967
17.6828
16.3183
18.6234
15.9901
22.1769
12.5074
20.5495
17.7524
12.5624
12.3861
24.1584
12.5184
12.3179
17.2421
16.991
19.3408
15.7239
16.5202
15.3671
24.9237
15.9374
13.1628
12.2666
18.2611
18.6503
15.1974
16.6038
16.478
18.2781
16.6271
15.9005
15.9508
15.9275
16.6057
17.1768
17.2382
15.7196
16.8908
16.0932
24.6585
13.0421
19.2544
17.4969
16.9541
12.7015
19.598
18.5412
19.1017
19.3784
19.1551
13.7457
15.0872
14.6559
15.4444
13.2308
13.0828
14.4352
18.6965
16.3955
16.1855
16.5822
17.303
15.6997
18.0649
16.2209
17.7799
14.728
16.3143
17.4544
16.1526
17.2171
16.2695
17.7901
15.5469
17.5538
15.8452
19.0712
15.6662
16.156
16.4301
16.1016
16.8607
16.9691
16.9061
16.5344
23.2858
20.0021
18.2865
17.2394
13.4522
14.2835
12.6667
13.0611
17.1004
17.8775
16.144
17.1395
17.1544
19.9047
12.8421
16.1816
17.8989
15.4659
18.2598
15.7764
17.8626
15.1985
17.1135
16.3208
16.4528
18.4093
15.0648
16.8827
15.8802
17.72
16.9443
16.1559
16.1714
17.2886
16.3472
17.1863
17.1634
15.8147
18.7653
16.0438
16.1073
15.6628
17.2526
15.9355
17.552
16.1766
18.8114
17.5828
16.0852
16.1902
16.0671
16.3852
17.9085
17.0537
15.9638
15.5248
16.8286
16.8414
17.5956
16.0274
18.5652
14.1537
17.3959
16.6165
16.3328
15.5475
18.7271
17.1157
14.7277
16.8115
15.8389
18.0812
15.3167
18.3476
23.4787
19.0273
12.797
12.6818
14.0735
16.1141
18.1196
22.9712
18.9817
13.8343
12.9832
13.1504
17.5211
16.3397
24.4296
19.318
18.839
19.508
22.2476
12.0155
13.6181
12.3874
12.829
12.8252
23.1503
20.4768
13.0966
12.3232
13.1796
17.0311
17.4615
24.1717
14.6852
12.621
14.6037
23.5498
18.7143
19.8834
18.5229
18.2368
21.2945
13.3028
14.5686
14.4453
11.6467
11.1608
21.4444
18.4889
19.2226
13.2206
13.841
13.0749
15.4877
17.2671
24.7054
14.9622
12.9296
15.7224
16.0073
15.4576
19.4682
13.6461
17.0168
17.233
15.8497
17.7092
15.8814
17.2864
16.0788
23.6156
19.3085
18.7462
19.5564
13.9395
13.3346
12.5601
18.0299
11.693
22.304
20.1832
18.3724
19.461
19.4294
18.9217
14.451
12.6497
13.0869
12.9234
12.243
15.8364
16.2812
18.979
17.273
15.4406
16.5796
16.3877
18.0582
16.4196
16.3215
23.6497
12.5043
11.8795
17.9231
17.8627
15.583
16.9765
16.1469
19.0266
16.0261
17.6589
15.8127
17.8829
15.3853
16.3846
17.6576
15.4002
16.4392
15.5104
16.6763
17.3119
17.2435
19.8268
20.0085
19.569
12.5533
12.9138
14.0045
24.1377
19.0927
19.0117
18.6218
18.1678
19.6042
20.6392
10.7248
11.7463
13.3688
13.4778
12.0564
14.5578
18.9877
16.1887
16.9581
16.1079
17.0051
18.3139
15.7284
16.6447
15.7888
25.0727
20.0258
12.7896
13.1051
12.391
18.1001
17.0824
22.6442
16.5343
14.5357
12.397
14.9497
24.6105
12.3368
13.6977
18.0461
16.5339
16.4864
16.0171
17.2523
16.7371
16.3022
16.7978
16.0958
17.4517
16.009
17.4055
16.6824
16.5619
23.7675
12.3905
14.5389
23.059
13.4343
12.7252
17.9775
16.7724
16.1682
17.1365
16.8509
16.7708
15.585
17.3398
16.1
16.9327
15.8416
17.5008
16.1364
16.4905
16.9222
17.5787
18.1019
15.2405
17.023
16.0105
17.3703
16.5522
22.913
15.51
12.2138
16.5577
14.8695
18.5527
23.4228
19.3011
19.1076
13.8539
13.8954
11.1952
15.383
16.2489
15.8109
17.6886
16.3497
17.1537
17.5829
15.8574
17.1031
16.9156
16.7414
16.7646
16.3287
17.9135
15.0927
16.8743
16.5554
17.133
15.603
16.8932
15.7636
17.5069
15.9656
18.0251
18.7146
16.2946
16.0891
17.5309
16.9652
16.4051
16.4676
14.8323
16.9964
15.737
17.2778
16.7333
15.6405
23.8293
18.6781
19.6158
18.739
22.1284
13.3688
12.5108
13.1141
12.1655
12.0483
18.9324
15.7702
16.0706
17.1625
15.8792
17.2303
17.1007
18.0972
16.3301
15.8853
18.1978
14.7372
16.5738
16.1515
18.3829
16.4439
17.5648
15.3073
18.0755
16.4192
17.6493
16.7348
14.8965
19.7099
17.5607
14.7328
14.268
17.9216
17.3094
15.755
15.776
16.1418
17.5969
15.3516
17.1031
17.3582
17.9918
17.6446
19.6864
12.4671
16.2787
16.2318
16.9419
17.5928
21.9694
12.9975
12.5766
19.9145
13.9269
17.1565
15.9135
23.5016
12.5499
13.6181
18.1386
15.9091
17.7936
16.5421
24.0554
20.0482
15.845
14.6553
12.0045
11.4283
20.562
16.37
16.0105
17.4572
16.0786
17.3318
16.1789
15.9277
15.3468
17.8953
23.2346
19.3082
16.7877
12.3928
13.3196
13.5434
19.2679
15.0681
18.5067
15.5441
15.8412
16.8765
16.3166
17.4141
16.8849
16.6245
16.3155
16.4572
16.2311
17.9343
17.4617
15.8013
17.5072
16.1744
18.6609
15.2905
17.8825
17.0131
17.0733
15.8326
15.9282
17.507
15.1628
16.0923
