56.6494
15.7769
16.414
12.7861
14.3313
19.1234
13.8483
15.7848
19.5281
22.2553
20.0232
13.6603
14.3798
14.4572
14.3622
15.7539
13.3555
14.4071
13.3055
13.8811
18.5165
13.9305
18.5577
14.5917
17.9329
14.985
18.2459
15.0964
18.68
15.9551
24.2692
21.3196
21.1856
20.9408
14.535
11.5675
12.7272
12.2565
12.1515
15.6668
17.4391
17.0863
16.4797
22.4713
16.4266
12.9394
21.6186
12.7568
13.7141
13.8474
20.4123
16.6446
23.1684
15.6847
14.7386
14.6571
13.0497
19.1395
14.865
25.7286
14.3885
13.6695
14.8358
15.8953
21.7257
20.1282
17.5332
13.9213
13.2129
13.2251
15.6122
16.4782
16.9449
17.5089
16.3357
24.0298
15.3222
14.2717
13.2898
17.3668
25.3022
15.7011
14.7345
14.1047
14.0823
24.133
14.1726
13.9974
14.3434
16.8014
16.8775
23.398
18.7988
15.2831
11.95
12.9274
15.655
18.2368
17.3089
14.9778
17.0805
15.991
25.7208
19.7804
21.1944
13.9957
13.8418
14.5865
14.6393
13.3529
13.6392
17.1486
16.5489
17.981
16.1824
15.6695
16.8097
15.8156
17.7739
17.0369
15.346
17.6172
16.6947
25.3115
15.5167
14.3589
15.6455
12.1382
21.7477
13.4364
13.9906
18.0242
16.3289
21.9064
13.768
14.0399
25.4477
20.8826
19.3385
22.5718
20.3736
13.9417
13.3753
12.1894
31.3068
14.7248
12.9504
13.6547
12.654
14.4302
13.5642
12.8163
14.0837
12.8588
17.9439
14.4176
19.1847
14.0627
19.9371
13.9876
24.7544
21.0871
14.5066
14.1559
13.9254
20.5228
17.8148
13.4828
14.9316
11.8889
18.7841
13.7402
23.792
13.9644
15.4132
15.1375
16.0196
17.0358
15.654
17.6031
15.9793
19.1174
14.1242
18.4389
14.936
17.8939
15.9369
18.795
13.9237
26.1975
19.8718
13.8682
14.4907
12.7312
13.7899
17.4532
16.6666
17.5791
15.2426
18.0028
14.7232
18.835
15.9304
24.9438
14.7275
14.8557
13.899
14.6421
19.2746
13.6066
25.6065
13.7061
14.9292
13.0768
17.9659
15.9763
15.4694
16.9626
16.4788
16.8808
16.1931
16.3337
16.9435
18.534
14.9527
18.1766
14.8416
18.6316
15.2446
18.0217
15.7975
23.6906
15.0551
13.345
16.4102
16.7258
15.5397
17.2884
16.0897
17.993
16.5343
17.6094
14.7032
16.583
15.9877
16.2631
18.8644
14.6627
17.5965
16.8411
16.6844
15.8798
15.0783
18.044
17.865
15.7585
17.4683
15.8084
18.1182
14.9086
18.3557
14.6708
18.7031
14.9009
18.3454
15.6448
17.7706
17.4808
19.1226
14.9128
15.4622
18.5183
16.5409
14.8155
17.1777
15.2083
20.112
13.028
16.4856
15.9053
20.1452
21.7202
18.281
19.6969
16.3335
12.4547
12.1839
13.3637
16.8378
18.2998
15.5575
16.7492
15.472
18.0766
15.4061
18.2185
16.3981
17.3957
16.5343
16.223
16.4646
16.9914
18.196
15.5098
16.6587
16.5839
18.0188
16.0132
15.8569
18.6692
14.3498
17.9731
15.753
17.9245
15.2695
17.518
14.726
18.5028
17.8699
13.8963
18.8342
14.1408
18.1332
15.25
18.0895
16.495
17.9093
17.6784
19.3475
14.1728
12.8377
18.7569
16.8914
16.7227
16.4554
18.6843
14.8281
19.0985
14.9211
15.705
17.4698
14.6267
18.1729
14.8654
18.9901
15.4631
18.4881
14.8832
18.9487
14.9068
17.7491
15.8018
17.8538
16.9945
15.4576
18.8483
18.4106
15.6312
12.5283
18.3989
15.8685
17.6666
15.4273
17.8321
16.3893
16.5826
18.0014
15.9581
16.1732
17.0387
15.826
17.1014
15.5314
17.8442
22.1928
18.8263
12.3504
13.6952
15.6775
16.3716
16.9424
17.9169
14.8523
17.8384
16.3833
17.3028
15.9657
17.1745
17.3592
16.7467
15.0156
24.813
20.5374
14.0841
13.6591
14.6237
14.4853
14.4713
18.3735
15.8195
16.9059
15.6803
17.9087
15.8362
19.0251
14.1241
18.3725
14.8877
18.7168
14.3254
18.3221
14.9152
18.5196
14.97
17.661
16.1166
18.989
14.212
17.0671
16.6005
17.1307
16.2278
17.3711
15.5991
17.8053
15.4522
19.1913
15.1468
25.1013
21.2722
19.6698
20.9753
12.6415
12.403
12.6905
13.4124
18.3733
17.3847
12.0499
14.7337
15.3136
19.3212
20.8301
18.2856
18.1471
12.4974
12.6657
15.5211
18.2277
17.633
15.2484
17.0172
17.3476
17.5994
15.3848
16.5047
16.621
18.2333
14.4499
18.3959
14.9842
18.0093
15.0127
24.1203
16.1783
13.4082
12.5941
24.2167
18.7275
18.512
13.5466
13.7461
13.6958
15.4135
16.3422
25.8918
16.841
14.3757
14.1679
15.6802
12.2415
18.905
14.2979
20.1943
15.3024
18.933
15.1722
17.8461
16.2783
16.2992
21.7171
18.9189
17.1489
12.2331
12.76
16.6118
15.136
17.8045
15.13
18.4388
15.7407
18.8396
15.1287
17.9393
15.1824
18.1487
14.706
19.1788
14.7703
17.1668
15.6488
18.2974
14.8044
16.7772
16.8869
16.8281
16.248
25.246
13.1356
14.4675
21.9593
13.9464
12.2987
17.2325
14.9599
17.6604
16.0136
19.158
14.3954
18.2486
15.1029
18.634
14.841
15.8646
17.0542
17.2677
16.8389
18.2361
15.7547
16.1178
15.9184
17.2187
16.3203
22.0666
14.2888
14.1915
16.3984
16.1317
25.9069
20.2929
20.5289
20.7423
13.7637
20.5254
12.328
13.4021
11.7748
12.3191
13.4297
16.8661
16.8777
14.0005
19.5244
15.247
17.6334
14.8398
19.7519
22.3937
18.0938
11.9356
11.414
18.404
14.0819
26.2947
20.7091
20.1966
13.4015
13.5225
13.3615
11.6995
15.0199
23.3235
18.9034
16.8281
11.6413
14.941
18.8598
16.374
21.6704
21.694
20.7176
20.8956
11.9324
11.8841
13.0486
12.4819
12.393
17.2608
16.5568
17.4515
15.9438
24.6926
20.6004
20.5303
21.014
20.4269
13.2689
12.1343
12.0098
12.6696
12.304
14.8748
15.976
18.2059
14.4318
19.0444
14.2302
17.3043
15.9364
16.5113
18.009
23.8151
13.8058
13.5243
16.2316
17.1841
14.9481
17.3282
17.0307
17.3696
15.6735
24.7257
21.4696
19.831
16.7726
13.7433
14.1496
13.5401
14.4125
13.1816
16.1869
22.4414
20.5113
17.0227
13.3823
12.8514
12.0735
18.2274
16.076
17.9351
14.5184
18.2777
14.9944
18.6139
14.4381
25.5716
14.0279
13.9884
22.5766
17.8721
13.1294
12.2373
14.9291
16.3809
18.3548
15.2746
18.0393
18.2772
15.3619
18.0919
15.0116
18.1333
15.4484
16.9598
14.8263
19.6015
15.0004
17.3433
14.4649
24.9404
20.8701
19.9399
20.8227
21.101
12.2707
13.0992
12.77
14.1807
12.1883
12.242
17.2883
15.2886
18.0944
15.5951
17.6822
15.5605
17.9128
16.1006
17.912
15.7939
24.5246
20.0497
14.5392
13.4228
13.604
12.3463
18.9094
14.6642
25.7306
20.7398
20.0497
20.0824
17.3002
14.3599
20.618
12.8277
12.8488
15.1019
16.0967
12.0107
11.9663
15.2279
16.3754
18.2918
16.0999
16.366
15.4101
18.6268
15.8379
20.3373
21.9841
21.1922
22.9815
13.8329
13.6753
14.2756
13.0827
13.8956
12.9867
14.5832
18.4528
14.9676
18.0731
15.714
16.8384
16.8648
16.4048
17.5103
23.7202
19.501
14.6942
14.6011
14.6063
13.5531
15.0818
17.5823
16.2262
16.8823
15.822
20.6456
13.9123
16.7448
15.0452
18.4541
15.7589
17.7339
15.0151
18.0062
15.1198
18.3389
15.6214
17.7173
16.1889
16.6133
16.4101
16.7832
17.5507
16.4516
19.0422
15.33
16.1044
18.7291
14.3289
18.0923
14.7207
18.1821
16.2738
18.2991
15.0298
17.529
14.9572
17.1253
16.0514
24.5699
20.6493
21.1651
13.2942
14.2587
13.6646
21.2067
13.674
14.2702
13.5426
13.9646
16.5283
18.1802
13.8631
18.3347
22.026
17.4132
12.2921
14.1621
16.2868
17.9788
15.2601
17.4951
16.8638
24.126
16.2939
14.2933
13.7171
14.4065
18.427
14.1321
21.1475
12.9296
17.6903
16.2709
16.7938
15.8773
18.0474
18.3802
24.1172
14.9876
15.2707
13.1987
13.4675
17.4679
24.2189
19.3427
14.1182
14.8563
13.6014
11.7244
18.2577
16.452
18.1147
17.1272
14.9401
17.5831
16.5127
18.7718
14.5882
18.3422
15.1423
20.0737
19.3686
19.2728
13.2477
13.1549
20.9857
13.9152
14.7378
14.8425
17.2999
15.423
18.3895
17.2614
16.0683
15.6361
24.4287
21.0065
14.9738
13.2473
13.6336
19.2045
16.1667
13.23
13.271
18.0113
16.8463
16.5555
16.4954
17.0227
15.8858
17.8105
15.4264
17.913
16.0537
17.1898
15.4554
18.5687
16.5008
20.098
20.5393
19.9908
14.3935
13.881
13.7984
15.4377
13.7829
17.6006
15.9714
17.1413
16.6104
16.1748
16.9951
17.1463
16.3458
18.8623
21.2043
14.0892
13.4557
15.8918
17.797
15.6861
16.8793
16.6243
18.091
14.4623
19.9006
13.0592
17.6374
15.5091
18.4601
15.0377
17.79
16.3402
17.5161
16.837
17.6918
14.8603
17.6295
15.6695
17.9773
16.3172
16.6058
16.4101
16.9511
15.7427
17.7713
