66.4484
13.4423
12.3502
19.3539
12.9683
12.9458
13.5058
14.187
13.2146
13.2282
13.2938
13.1158
18.7648
16.0191
18.5208
14.632
19.129
16.149
17.0647
14.8105
18.9312
13.9667
18.1133
17.2742
16.6081
16.6714
17.1692
15.3868
17.5947
16.5256
16.6825
21.9198
13.0718
13.0149
16.4232
18.3021
16.1996
19.1708
15.6584
16.5757
17.2192
16.0148
15.8924
15.4822
18.8326
21.7086
19.2017
13.9053
14.5782
20.7275
19.7176
14.2156
16.2417
15.8403
13.6498
14.0065
13.4337
18.4983
16.2483
17.534
16.0531
17.1056
16.0804
16.6832
16.6062
16.8118
17.2286
22.9586
21.0221
20.6285
23.1342
13.2897
11.6866
14.2457
14.0593
14.9561
13.0535
14.4645
17.1555
16.8818
16.6772
17.8895
15.8374
15.6711
17.362
18.0927
15.2076
23.3422
19.9106
15.1911
14.0661
13.6235
13.6183
14.9685
18.7427
18.2339
16.688
16.0135
17.1277
16.5586
15.5081
17.3186
16.2272
16.5059
15.5781
16.9395
15.8173
17.7191
16.5276
17.0231
23.5413
14.6157
14.8803
14.9933
22.0332
18.0274
12.8515
13.2286
16.372
16.2747
16.2805
17.508
15.9845
16.5341
16.5913
17.6185
16.0676
17.5931
16.0121
16.6588
17.0115
17.1387
16.7392
15.5895
17.7457
15.6888
24.2856
20.7241
16.4247
15.416
13.6782
14.8111
13.7057
22.1292
20.1594
20.6471
15.1935
14.8081
15.7943
15.5597
15.4803
15.8428
15.756
15.7747
14.7966
19.4057
21.0558
21.8421
14.3911
15.3936
13.5252
14.1005
13.3195
11.9357
19.2227
15.3616
16.8102
15.9194
18.2266
15.7297
16.8118
15.6376
17.892
16.3486
18.1214
15.2592
18.458
14.1888
18.8008
14.673
19.654
14.6127
17.7718
16.3763
18.5231
16.3575
15.7623
17.8859
16.6178
18.1927
17.1178
15.4437
15.2935
16.7781
18.9602
14.7338
15.292
16.441
17.5691
15.7434
15.7939
17.1958
18.8596
17.426
21.6999
21.2745
21.7916
20.5797
14.0459
13.2191
13.4411
13.2278
14.463
12.8466
11.9641
19.3486
17.4222
15.3629
16.9284
17.1529
23.8491
18.9293
20.2817
15.0144
13.8792
13.4467
12.9572
14.2201
18.3634
16.0124
15.915
17.5816
15.9155
17.377
16.3907
16.4888
16.4119
17.4297
23.0378
21.0367
13.6343
13.6589
13.9513
12.7938
18.7341
16.2461
16.8056
16.9717
23.4559
14.7986
13.1249
14.7678
16.8116
17.2841
16.1113
16.7056
16.3673
17.4055
16.4295
16.5744
17.1346
16.2222
17.1589
16.2065
17.7353
16.2838
18.5093
18.3815
20.9937
20.1148
17.6605
14.7886
15.1016
14.8271
14.126
14.2505
12.6619
23.4507
20.3661
17.0096
14.5079
13.6882
14.0407
14.039
26.1611
21.0032
15.3537
14.2257
13.6651
14.7978
11.8905
25.4321
19.4741
14.1637
13.8061
13.3317
14.7513
17.9081
14.0381
18.9072
14.3007
18.3761
15.1734
18.6357
15.6102
17.8993
15.3004
17.3887
17.0725
23.84
19.8883
17.9104
13.5492
14.2972
13.5384
14.3479
14.7603
18.7878
18.1293
17.3313
14.5672
17.1524
15.9611
16.8531
16.9187
18.0823
16.0266
18.482
16.2999
15.7303
17.752
22.2745
20.773
21.4542
20.5554
11.782
13.099
13.3222
13.0229
13.0973
13.4294
18.5098
15.7729
16.6424
17.3242
17.1311
18.1466
15.1523
17.6783
14.9413
17.194
15.785
17.9504
15.6883
17.56
15.6947
26.1106
14.9204
13.1923
13.8183
13.9269
18.3545
16.5352
17.0274
16.4124
17.4789
16.7268
15.8002
17.1116
16.8046
18.8221
14.3114
17.3739
15.677
18.5245
15.4156
23.4657
20.8913
20.1666
14.4417
13.6954
14.1899
13.7638
13.9295
15.2376
25.0254
21.0804
20.9643
14.5731
15.7628
14.3301
14.7619
14.8999
14.1249
15.652
18.5383
12.3554
16.0476
17.231
16.6449
16.7678
18.0476
14.3816
16.1446
18.5102
17.4806
15.247
16.6438
17.1945
16.8569
16.6626
16.4193
22.2017
20.1862
23.3607
15.5638
13.0139
14.4214
12.8271
13.3649
12.8903
18.0189
16.4761
17.5892
14.9255
17.4623
16.6554
18.1087
15.4347
17.9208
15.0067
16.7025
16.1838
17.9323
22.8084
20.3207
20.5969
16.7621
20.5565
14.0708
13.9765
14.7219
13.3718
13.61
13.1904
16.1963
15.8727
16.8366
15.9263
17.3937
16.0566
17.5965
15.897
17.4374
17.8151
15.5541
17.1901
16.6524
16.4373
16.0215
24.676
20.0388
13.3769
17.6781
15.8385
16.4131
16.4569
15.7811
16.0509
17.7176
21.1815
19.5674
15.1755
13.3385
14.9045
14.1804
15.2843
18.0188
13.322
13.3693
17.1954
17.4858
16.7384
16.7952
16.3038
17.7711
15.5803
18.6047
14.5871
18.5438
14.8585
18.7205
14.8899
18.7479
15.7737
24.2075
18.8387
13.5475
14.4293
13.7102
19.8276
18.8232
15.1448
12.7989
14.5224
24.2814
18.9354
13.6076
13.1753
14.2166
15.6943
17.8941
15.859
25.0002
21.4336
21.5123
15.5418
14.2984
13.4015
13.1626
13.9396
13.2189
15.1143
17.3554
17.5042
15.6619
16.951
17.2598
15.7633
18.3584
15.0498
17.072
16.336
18.1452
15.3875
26.747
20.9754
21.7926
13.0484
14.1622
14.4196
15.0058
14.4034
14.4069
14.3637
14.6221
17.2121
16.2403
17.2099
16.3708
16.7901
17.4996
16.0433
17.0945
18.4436
13.9116
16.0354
17.452
16.3837
16.9612
17.6265
22.3802
15.6167
13.5816
14.3088
15.499
18.8266
15.5552
17.1428
17.6318
16.586
16.8433
14.8649
16.8652
18.9993
15.4638
16.2078
17.1795
15.7529
24.2489
15.6294
14.7668
14.4057
14.4826
17.5821
16.6799
18.5525
15.5338
15.9464
16.9963
17.4654
17.8174
16.2113
21.0368
20.9542
18.0746
14.4912
13.4049
13.7518
13.3077
14.5605
18.5913
16.2312
16.6648
17.2154
16.8425
16.3909
17.5174
17.0575
16.2924
17.1559
16.756
16.7612
15.8003
17.176
17.5065
14.9197
18.421
15.1882
17.885
15.5261
18.7495
15.3689
16.2954
17.5579
16.6713
16.4894
13.9288
18.0337
18.1623
19.0315
15.3284
14.3808
16.1281
18.801
21.6111
19.6091
12.5686
13.5091
12.9249
17.3995
17.7326
15.1949
17.7843
16.2474
17.0628
18.572
14.5365
16.6323
16.4499
17.5141
16.5778
23.4905
20.863
13.2293
16.3926
14.2295
14.3752
19.8214
18.7674
13.3292
13.3395
13.908
18.2237
16.8636
18.0472
16.8775
15.9685
17.8813
15.9007
16.8704
16.4457
17.2353
16.1592
18.3048
15.7871
15.5389
17.5931
15.4633
16.9848
17.6529
17.1179
15.6169
17.8994
15.4302
22.1856
20.8817
19.7926
14.8494
13.613
15.3523
13.6485
14.082
12.9758
18.1228
17.0538
17.4903
15.7755
16.0655
17.118
16.3939
17.3856
15.7678
25.2834
21.0762
14.2852
14.2909
14.1164
14.9707
14.1418
15.571
18.3335
16.8806
16.7153
17.873
17.6345
13.5755
21.5205
16.2283
16.2292
15.6902
13.6412
18.4559
16.3956
15.4079
18.9988
20.1203
18.2519
19.0103
18.4011
18.6164
12.6273
12.7009
12.3408
13.9884
17.7924
15.9788
17.7373
15.8094
16.8332
15.5745
16.7379
16.5625
19.0362
14.3445
18.4615
14.4982
18.9005
21.8857
12.165
16.3194
14.9527
17.0572
16.0662
18.515
16.1043
25.5893
18.5782
13.1554
13.6069
13.6421
14.5071
17.0159
18.3033
17.8275
15.4064
15.0025
18.4567
22.2532
18.8731
15.33
13.2881
13.9506
14.2996
20.1732
15.495
17.0599
16.0435
16.8258
25.6259
20.0591
21.7425
13.7889
13.9023
13.8139
14.7637
14.2195
13.9066
12.6883
18.2778
16.9618
17.7638
17.622
18.2367
14.6849
17.0939
16.8908
16.8041
15.9496
15.7031
16.9252
15.663
17.1364
17.6492
16.5806
16.778
17.7966
15.6015
15.1137
17.2336
16.5297
17.5926
16.0857
17.4773
23.6694
20.8082
20.6769
13.1827
13.5769
12.9347
13.4368
12.4849
18.1475
16.4125
24.6684
16.7921
13.6413
13.9935
13.7439
19.0124
15.2687
16.6063
16.4997
18.0281
15.1905
18.0517
18.1132
20.1313
14.0254
11.9588
18.2044
16.3607
17.2535
16.3827
17.4628
15.9278
17.6267
15.6278
16.8396
16.9683
24.192
14.5791
14.072
20.4827
21.5014
19.6994
38.5214
13.7886
20.2086
13.4513
19.4481
13.9677
21.4374
13.9291
18.3369
13.8968
21.6307
16.0567
18.1574
14.4342
20.1465
15.3837
18.3019
13.597
16.2779
15.9837
13.9653
13.0904
11.8978
16.6859
15.7162
14.131
13.9314
17.4869
12.4751
12.671
12.4335
13.5879
12.8754
